2.4666359424591064
2.256556272506714
2.2288198471069336
2.1447672843933105
2.2280237674713135
2.3111627101898193
2.2902235984802246
2.210233211517334
2.3253417015075684
2.2690281867980957
2.1009342670440674
2.0889875888824463
2.1944894790649414
2.0857152938842773
2.1590137481689453
1.914795994758606
1.8438841104507446
1.7991182804107666
1.8655638694763184
1.9182384014129639
1.753925085067749
1.8050795793533325
1.5935789346694946
1.6613143682479858
1.7108030319213867
1.8423746824264526
1.7720012664794922
1.5971626043319702
1.7262041568756104
1.5585187673568726
1.659660816192627
1.692591667175293
1.6477991342544556
1.5860316753387451
1.4507498741149902
1.596678614616394
1.6023203134536743
1.4776294231414795
1.4831368923187256
1.3796796798706055
1.4577443599700928
1.4415833950042725
1.5663150548934937
1.438231110572815
1.335208773612976
1.422905683517456
1.3196626901626587
1.3376812934875488
1.4232805967330933
1.2406117916107178
1.2410486936569214
1.2957425117492676
1.3760837316513062
1.3244884014129639
1.2882834672927856
1.1557259559631348
1.226442813873291
1.0675982236862183
1.14366614818573
1.1263521909713745
1.073379397392273
0.9727906584739685
1.1399003267288208
1.1869491338729858
1.3010190725326538
0.9839264154434204
1.1124070882797241
1.1081606149673462
1.1269700527191162
1.0543512105941772
1.0857243537902832
0.8864271640777588
0.9670402407646179
0.9871172308921814
1.1689484119415283
0.9534054398536682
0.9116729497909546
1.1205506324768066
0.9034742712974548
0.9380643367767334
1.007104754447937
0.8316238522529602
1.1400929689407349
1.1285805702209473
1.0144015550613403
0.9779310822486877
1.0675058364868164
1.0029314756393433
0.9573148488998413
0.8843490481376648
0.7935029864311218
0.9334282875061035
0.9255902767181396
0.7424744367599487
0.9706141352653503
1.084602952003479
1.209665060043335
0.8646184206008911
0.9037978053092957
0.9093172550201416
1.1915661096572876
0.9840239882469177
1.1668068170547485
0.8477533459663391
0.9625028967857361
1.0606237649917603
0.8804064393043518
0.8584576845169067
0.9215335845947266
0.8824328184127808
0.9851626753807068
0.7531207799911499
1.0263943672180176
0.8900151252746582
1.0646930932998657
0.858047366142273
0.7485275268554688
1.0037741661071777
0.9615500569343567
0.8811129927635193
0.7836028337478638
0.7245410680770874
0.8202781081199646
0.7631977200508118
0.7313331961631775
0.9444131255149841
1.023582935333252
0.780261218547821
0.8415296673774719
0.9241371154785156
0.6789017915725708
0.8068057298660278
0.8164690136909485
0.6832696795463562
0.6732662916183472
0.7758986949920654
0.8370324969291687
0.802174985408783
0.8138349652290344
0.7544692158699036
0.8254664540290833
0.9358999133110046
0.6625169515609741
0.7488848567008972
0.7712355852127075
0.8979219198226929
0.6692514419555664
0.5964159965515137
0.6771016716957092
0.7756191492080688
0.7313140034675598
0.6150150299072266
0.7790130376815796
0.8092422485351562
0.6526097059249878
0.6609104871749878
0.6561018228530884
0.787017822265625
0.7484326958656311
0.6354056596755981
0.7240681648254395
0.6827360391616821
0.6517399549484253
0.7507688403129578
0.7344635128974915
0.8365300297737122
0.7096696496009827
0.6285527348518372
0.7398120164871216
0.7031353116035461
0.6637504696846008
0.5252864956855774
0.782664954662323
0.8117330074310303
0.49459385871887207
0.785402774810791
0.5696719288825989
0.5942264199256897
0.6460276246070862
0.6605762243270874
0.681293249130249
0.6626037359237671
0.7810100317001343
0.8500957489013672
0.8157403469085693
0.6561387777328491
0.5336300730705261
0.5990199446678162
0.5899326205253601
0.7599554061889648
0.8138129711151123
0.568216860294342
0.7061240673065186
0.7593793869018555
0.6587445735931396
0.6568207740783691
0.8736041784286499
0.6788970828056335
0.7376170754432678
0.6924591064453125
0.6029103398323059
0.907149076461792
0.8483840823173523
0.7085407972335815
0.5627160668373108
0.6377922892570496
0.6174965500831604
0.6025791764259338
0.6440881490707397
0.5531646013259888
0.6111813187599182
0.8448513746261597
0.4934561550617218
0.65520179271698
0.5624701976776123
0.7931817173957825
0.7195557355880737
0.6030764579772949
0.5023494958877563
0.5205743312835693
0.660872757434845
0.7509007453918457
0.6929265856742859
0.5629804730415344
0.8662822842597961
0.6268772482872009
0.723325252532959
0.7819842100143433
0.6699668765068054
0.7887898087501526
0.8013560771942139
0.6776325702667236
0.7086471915245056
0.5876648426055908
0.5450663566589355
0.6403539180755615
0.6892044544219971
0.6704679727554321
0.4676451086997986
0.7257556319236755
0.6288108825683594
0.5541262626647949
0.6437382698059082
0.5222787261009216
0.602893054485321
0.6256281733512878
0.8184319138526917
0.6637449860572815
0.515982449054718
0.6024450063705444
0.6838116645812988
0.6765549778938293
0.5047975778579712
0.6763270497322083
0.5596867203712463
0.4720157980918884
0.44732850790023804
0.5799703598022461
0.429743230342865
0.6350595951080322
0.49132487177848816
0.5108323097229004
0.5372887253761292
0.46141764521598816
0.6345896124839783
0.5049633383750916
0.5041328072547913
0.5602546334266663
0.5514896512031555
0.6339446306228638
0.6080288887023926
0.5847954154014587
0.469289094209671
0.5402641296386719
0.7416821718215942
0.5765166282653809
0.4561034142971039
0.6943700909614563
0.47961318492889404
0.5122587084770203
0.5506835579872131
0.5911911725997925
0.5316426753997803
0.7419779896736145
0.4673600196838379
0.4953038692474365
0.6008601188659668
0.4919116199016571
0.49854084849357605
0.7759932279586792
0.532768189907074
0.6614105701446533
0.40854892134666443
0.5063297152519226
0.45148709416389465
0.5878756642341614
0.7607967257499695
0.6221473813056946
0.5545231103897095
0.6391391158103943
0.5899003744125366
0.618952751159668
0.7137710452079773
0.6721576452255249
0.6254234313964844
0.7007894515991211
0.5292844772338867
0.7943453788757324
0.6047379970550537
0.5918634533882141
0.6204824447631836
0.6986870169639587
0.5643519163131714
0.5244125723838806
0.5066895484924316
0.5493040680885315
0.4413607716560364
0.542535662651062
0.522696852684021
0.5029968619346619
0.46661120653152466
0.5477391481399536
0.4919520914554596
0.6407120227813721
0.4564982056617737
0.6884482502937317
0.6541500687599182
0.5718046426773071
0.7878703474998474
0.6157194972038269
0.5974512100219727
0.6140249967575073
0.5080639719963074
0.612357497215271
0.43958616256713867
0.5957100987434387
0.5374758243560791
0.6320327520370483
0.5232730507850647
0.5670665502548218
0.5333957076072693
0.6253126263618469
0.5179799795150757
0.5498027801513672
0.40261587500572205
0.561687171459198
0.4412657618522644
0.46115395426750183
0.4858340322971344
0.532270610332489
0.42234212160110474
0.428210973739624
0.5049959421157837
0.59995037317276
0.43456748127937317
0.5995405912399292
0.511336624622345
0.4724012017250061
0.518546998500824
0.31011050939559937
0.513150691986084
0.5620269179344177
0.6523372530937195
0.4928361773490906
0.6516085863113403
0.4898238182067871
0.6501434445381165
0.45193326473236084
0.39408010244369507
0.488836407661438
0.6905469298362732
0.45567476749420166
0.46259281039237976
0.654380738735199
0.6177258491516113
0.4920748770236969
0.6120153665542603
0.5432562828063965
0.5231691598892212
0.5203777551651001
0.473438024520874
0.4802292287349701
0.5409405827522278
0.5591912865638733
0.37132686376571655
0.4297153651714325
0.3105258345603943
0.5054869651794434
0.53049635887146
0.4658821225166321
0.576322615146637
0.40005800127983093
0.43656590580940247
0.5161954164505005
0.5421854257583618
0.4481218159198761
0.5345573425292969
0.3883206844329834
0.3939131796360016
0.3479539155960083
0.49127987027168274
0.6498546600341797
0.5628786087036133
0.4632847011089325
0.4651561379432678
0.4499502182006836
0.3760741949081421
0.6016993522644043
0.44305190443992615
0.5259478688240051
0.6438160538673401
0.5211980938911438
0.5679395198822021
0.37138110399246216
0.537285566329956
0.5163880586624146
0.46101537346839905
0.502467155456543
0.5222457051277161
0.4430461525917053
0.3993571996688843
0.5256038904190063
0.41031724214553833
0.42108774185180664
0.5627992153167725
0.42516934871673584
0.37721604108810425
0.4686451852321625
0.57253098487854
0.38896074891090393
0.5544447302818298
0.40828683972358704
0.4453304409980774
0.5932871699333191
0.3840964138507843
0.4055774509906769
0.5908979177474976
0.5200873613357544
0.48074233531951904
0.43545347452163696
0.48711442947387695
0.423492431640625
0.5896156430244446
0.4602557122707367
0.4059319794178009
0.4603271782398224
0.4229895770549774
0.36490169167518616
0.5602251291275024
0.4064747393131256
0.5430402159690857
0.4685579538345337
0.3848506808280945
0.5073686838150024
0.26682978868484497
0.4041414260864258
0.5240780711174011
0.30103084444999695
0.393396258354187
0.38120511174201965
0.4814799726009369
0.4387878477573395
0.6057032942771912
0.2547515630722046
0.3339728116989136
0.3491499125957489
0.5071449875831604
0.3863077163696289
0.372828871011734
0.46209287643432617
0.4255128502845764
0.3939010798931122
0.27343618869781494
0.45590120553970337
0.33066290616989136
0.38246309757232666
0.4357335865497589
0.5031227469444275
0.47604119777679443
0.4618149399757385
0.35018908977508545
0.48873797059059143
0.47143036127090454
0.48238474130630493
0.40843966603279114
0.4426937997341156
0.45465564727783203
0.5098389983177185
0.3330232799053192
0.43202513456344604
0.4445248246192932
0.34161773324012756
0.41187360882759094
0.4665217995643616
0.577267587184906
0.44850215315818787
0.562585711479187
0.35327017307281494
0.469840943813324
0.4070361852645874
0.4161577522754669
0.45132172107696533
0.2415778785943985
0.37167346477508545
0.5518491864204407
0.3547290563583374
0.42306140065193176
0.40446507930755615
0.3967472314834595
0.47872012853622437
0.4754282534122467
0.36778587102890015
0.598000168800354
0.3289221227169037
0.37058132886886597
0.41620945930480957
0.4153560996055603
0.45242735743522644
0.3497994840145111
0.5122599005699158
0.4664365351200104
0.5214163661003113
0.45714208483695984
0.3625655770301819
0.4563950002193451
0.44835230708122253
0.4246581494808197
0.34385690093040466
0.4838789999485016
0.5935313105583191
0.4262619912624359
0.33517158031463623
0.59864741563797
0.41354548931121826
0.5288628935813904
0.4744107127189636
0.42923998832702637
0.3557610511779785
0.38812604546546936
0.3475021719932556
0.37593215703964233
0.42038971185684204
0.3446018695831299
0.3336600065231323
0.3449658453464508
0.4375377893447876
0.35246020555496216
0.26177024841308594
0.5323327779769897
0.47719189524650574
0.48690176010131836
0.5879330039024353
0.4436081647872925
0.4546785056591034
0.37617334723472595
0.396359920501709
0.5849679112434387
0.357079416513443
0.48457711935043335
0.5592674612998962
0.5279607772827148
0.2933257520198822
0.4187924861907959
0.4796929955482483
0.37231990694999695
0.3099062442779541
0.47055041790008545
0.49020206928253174
0.3510381877422333
0.31926459074020386
0.41396161913871765
0.38302165269851685
0.5556058287620544
0.5579125881195068
0.465715616941452
0.3593422770500183
0.4082460105419159
0.5281311273574829
0.37459173798561096
0.3224707245826721
0.24457506835460663
0.5737085342407227
0.37272149324417114
0.3856491446495056
0.4247623682022095
0.4539039134979248
0.4894697964191437
0.3257441818714142
0.30773767828941345
0.43312957882881165
0.34710055589675903
0.369254469871521
0.35261788964271545
0.4802224338054657
0.28689542412757874
0.40087416768074036
0.3773198127746582
0.35253506898880005
0.45641037821769714
0.5235979557037354
0.4756286144256592
0.5325862765312195
0.32761237025260925
0.3109191656112671
0.35574159026145935
0.3766782283782959
0.4269472062587738
0.6641525626182556
0.3994389474391937
0.3585262596607208
0.35236644744873047
0.22749623656272888
0.3975008428096771
0.4654772877693176
0.4021718204021454
0.4915267825126648
0.3453734517097473
0.2919383645057678
0.3706224262714386
0.3076607584953308
0.37655332684516907
0.22675196826457977
0.4060978293418884
0.30833709239959717
0.35098016262054443
0.3639240860939026
0.29150745272636414
0.4059903025627136
0.54751056432724
0.4842017590999603
0.346614271402359
0.2899114191532135
0.34951692819595337
0.35803675651550293
0.36051562428474426
0.3237897455692291
0.27583253383636475
0.3935449421405792
0.5549567341804504
0.4335545301437378
0.3940938711166382
0.5659804940223694
0.341681569814682
0.38226962089538574
0.30672091245651245
0.4592827260494232
0.28363236784935
0.38468608260154724
0.3683359622955322
0.4101722836494446
0.3950164318084717
0.36061105132102966
0.3788374960422516
0.43964916467666626
0.4338099956512451
0.490546852350235
0.29983624815940857
0.3690897226333618
0.2240019291639328
0.4790400266647339
0.18441811203956604
0.304874062538147
0.28533241152763367
0.4919043183326721
0.29877620935440063
0.3715263307094574
0.2940102219581604
0.40835532546043396
0.3058314323425293
0.3738509714603424
0.2912101745605469
0.3977682888507843
0.2882328927516937
0.3627709150314331
0.29537925124168396
0.4681488275527954
0.31220078468322754
0.44748544692993164
0.3981209099292755
0.4370684027671814
0.2633618712425232
0.19747579097747803
0.393358439207077
0.3107093870639801
0.38065090775489807
0.37270158529281616
0.5353901386260986
0.34212028980255127
0.3170313835144043
0.27099090814590454
0.3575282096862793
0.2971609830856323
0.40553075075149536
0.4701383411884308
0.3187200725078583
0.38806408643722534
0.23656293749809265
0.42169079184532166
0.5533509850502014
0.3825891315937042
0.2771437466144562
0.37898170948028564
0.2622298300266266
0.5002334117889404

0.17610204219818115
0.37547028064727783
0.2639649510383606
0.3107587993144989
0.21868689358234406
0.36329105496406555
0.45047491788864136
0.2089843899011612
0.34822404384613037
0.30748632550239563
0.37370359897613525
0.3630962371826172
0.2361622005701065
0.4078330993652344
0.377625972032547
0.3125540316104889
0.31369343400001526
0.24473032355308533
0.287489652633667
0.31017765402793884
0.29803308844566345
0.31759271025657654
0.45503801107406616
0.26954764127731323
0.25154635310173035
0.27090734243392944
0.26102831959724426
0.3571585714817047
0.41735175251960754
0.3314542770385742
0.4036885201931
0.5202440619468689
0.4023970067501068
0.250445693731308
0.33154913783073425
0.2790088355541229
0.3776234984397888
0.3717329204082489
0.2153029590845108
0.31833556294441223
0.447353333234787
0.24785082042217255
0.26629236340522766
0.24186059832572937
0.31399691104888916
0.25263890624046326
0.4187370240688324
0.39715224504470825
0.4085506200790405
0.2698867619037628
0.46982821822166443
0.3836289048194885
0.2745046317577362
0.44809749722480774
0.3627854883670807
0.3709450364112854
0.35711702704429626
0.3571060001850128
0.25891780853271484
0.24382494390010834
0.33412256836891174
0.36713308095932007
0.38214609026908875
0.4074063003063202
0.30619266629219055
0.43889907002449036
0.3548256754875183
0.27328529953956604
0.3144667148590088
0.37741121649742126
0.321972519159317
0.3814888298511505
0.24809084832668304
0.3026380240917206
0.2316131442785263
0.33912181854248047
0.26800844073295593
0.27767375111579895
0.25026294589042664
0.15267930924892426
0.44407278299331665
0.41788047552108765
0.3047580420970917
0.3309353291988373
0.29419079422950745
0.3394934833049774
0.3424457907676697
0.31978049874305725
0.23618537187576294
0.27921292185783386
0.37282824516296387
0.3663040101528168
0.29656755924224854
0.3329383134841919
0.3109627664089203
0.49960482120513916
0.33314964175224304
0.3575670123100281
0.22930525243282318
0.3694101870059967
0.3404991328716278
0.2321467101573944
0.29845312237739563
0.3580284118652344
0.41718757152557373
0.18602178990840912
0.32967546582221985
0.29672613739967346
0.19434793293476105
0.3781616687774658
0.36925673484802246
0.49773919582366943
0.4485388696193695
0.33532190322875977
0.42269524931907654
0.4180052876472473
0.34072473645210266
0.33467546105384827
0.5748205780982971
0.5020846724510193
0.36247459053993225
0.2930278182029724
0.4017804265022278
0.4536265730857849
0.3188008666038513
0.32721146941185
0.39508846402168274
0.3557392656803131
0.3915494680404663
0.3977532386779785
0.4208371341228485
0.17354214191436768
0.395894855260849
0.2992202639579773
0.44428637623786926
0.19987449049949646
0.38762450218200684
0.356615275144577
0.37818074226379395
0.2826811671257019
0.3108254373073578
0.28427571058273315
0.3504423499107361
0.17362642288208008
0.45413917303085327
0.3298853933811188
0.21081064641475677
0.312470406293869
0.2847459316253662
0.32163241505622864
0.2858109176158905
0.28805673122406006
0.21198001503944397
0.2191466987133026
0.24183237552642822
0.3115648925304413
0.3606164753437042
0.3268963098526001
0.3254985809326172
0.49985966086387634
0.379925936460495
0.19427481293678284
0.3039379417896271
0.20056620240211487
0.31869223713874817
0.3372533619403839
0.30658286809921265
0.49159735441207886
0.2989642918109894
0.3961706757545471
0.528046190738678
0.20163029432296753
0.25729429721832275
0.15188032388687134
0.3451966345310211
0.36073875427246094
0.4276648759841919
0.3106963336467743
0.4578382968902588
0.45234259963035583
0.24129131436347961
0.25244325399398804
0.20520973205566406
0.22312013804912567
0.2830815017223358
0.3221975862979889
0.25858521461486816
0.462371289730072
0.2951826751232147
0.29272398352622986
0.2616117596626282
0.33633705973625183
0.2050304263830185
0.32930973172187805
0.3020845055580139
0.2553505301475525
0.24495434761047363
0.34852224588394165
0.1898500919342041
0.21393249928951263
0.3106730282306671
0.2656802833080292
0.2853907644748688
0.36293673515319824
0.30840152502059937
0.3158073425292969
0.21267393231391907
0.2542770802974701
0.22364352643489838
0.21269026398658752
0.40064117312431335
0.3437017500400543
0.35666051506996155
0.23937609791755676
0.33737510442733765
0.21891653537750244
0.38892224431037903
0.16696730256080627
0.18810942769050598
0.16800671815872192
0.27271029353141785
0.39772090315818787
0.29551076889038086
0.3219406306743622
0.335905522108078
0.1472373604774475
0.3287164270877838
0.30179065465927124
0.14083604514598846
0.25194695591926575
0.2852818965911865
0.2894793152809143
0.41017183661460876
0.1897355318069458
0.2822808027267456
0.32825344800949097
0.32647350430488586
0.28466516733169556
0.23786266148090363
0.3349163234233856
0.22541166841983795
0.22606223821640015
0.3112713098526001
0.33615270256996155
0.25579833984375
0.3929487466812134
0.21349476277828217
0.2590973675251007
0.23847700655460358
0.22895629703998566
0.2377963364124298
0.2398582398891449
0.25846803188323975
0.38097473978996277
0.32197538018226624
0.31007787585258484
0.3018476366996765
0.33840036392211914
0.33305928111076355
0.27729231119155884
0.15619716048240662
0.2616368234157562
0.3444681167602539
0.36788326501846313
0.3514205515384674
0.20416010916233063
0.24483026564121246
0.17731328308582306
0.37147441506385803
0.17690415680408478
0.2985730767250061
0.2120789736509323
0.3217589557170868
0.3362733721733093
0.275587260723114
0.2526679039001465
0.2978476583957672
0.2946418225765228
0.39350709319114685
0.25122901797294617
0.22953100502490997
0.3677942752838135
0.29209789633750916
0.36927080154418945
0.4472897946834564
0.26485106348991394
0.30177509784698486
0.3491467833518982
0.28533563017845154
0.35534462332725525
0.33785295486450195
0.3479601740837097
0.30260562896728516
0.23760899901390076
0.23851290345191956
0.2866114377975464
0.2936060428619385
0.27444154024124146
0.3132113516330719
0.2642877995967865
0.19600649178028107
0.284559041261673
0.22245782613754272
0.38881587982177734
0.35708510875701904
0.36357811093330383
0.3144107758998871
0.33094125986099243
0.3110859990119934
0.2122163623571396
0.23799654841423035
0.25520560145378113
0.23431135714054108
0.37786102294921875
0.27638623118400574
0.21131275594234467
0.3449123501777649
0.22363200783729553
0.21268515288829803
0.22499026358127594
0.2629902958869934
0.31480103731155396
0.2632676959037781
0.4247329831123352
0.2620960772037506
0.3365243077278137
0.34012287855148315
0.1779371052980423
0.34365421533584595
0.3447157144546509
0.33254513144493103
0.36929354071617126
0.2524467706680298
0.28234604001045227
0.23154127597808838
0.2892272472381592
0.32282960414886475
0.2641715705394745
0.2457629144191742
0.29003456234931946
0.3101575970649719
0.35060766339302063
0.23152808845043182
0.2512180805206299
0.6228784918785095
0.2792653441429138
0.2141019105911255
0.24696096777915955
0.20539185404777527
0.42236992716789246
0.2760654389858246
0.36338427662849426
0.21875132620334625
0.2598588764667511
0.24402394890785217
0.22799263894557953
0.2992786765098572
0.2747827470302582
0.31510114669799805
0.23003797233104706
0.22275321185588837
0.3381138741970062
0.34956085681915283
0.2636081576347351
0.24521835148334503
0.3382564187049866
0.3616269826889038
0.2751249670982361
0.30626389384269714
0.3707970082759857
0.20356948673725128
0.3320615887641907
0.24852490425109863
0.3179161250591278
0.3303123712539673
0.3932283818721771
0.2035493403673172
0.3101580739021301
0.18269382417201996
0.3397907018661499
0.3101775050163269
0.22636926174163818
0.21964131295681
0.24757474660873413
0.21291324496269226
0.24799317121505737
0.2465783804655075
0.2543605864048004
0.32945260405540466
0.2879699766635895
0.1958688646554947
0.1621437966823578
0.4102330803871155
0.3952317535877228
0.34103038907051086
0.26270025968551636
0.19082559645175934
0.2974795699119568
0.2750089466571808
0.2882954478263855
0.33408018946647644
0.1751406341791153
0.2839873433113098
0.2012796550989151
0.2871723175048828
0.30869361758232117
0.1823025345802307
0.19819846749305725
0.39066281914711
0.1867733895778656
0.38927462697029114
0.20863884687423706
0.2576090395450592
0.26018255949020386
0.16715344786643982
0.169912651181221
0.1886070817708969
0.21142606437206268
0.34917959570884705
0.182845339179039
0.3054387867450714
0.17771700024604797
0.24259009957313538
0.3496882915496826
0.22286641597747803
0.4098355770111084
0.3449139893054962
0.3455870449542999
0.22187291085720062
0.28933602571487427
0.30285462737083435
0.3960876166820526
0.299483060836792
0.2098248153924942
0.2933317720890045
0.1961105614900589
0.21590103209018707
0.2208123356103897
0.2559778094291687
0.2691158354282379
0.38023728132247925
0.20896613597869873
0.22531475126743317
0.20437420904636383
0.2969624102115631
0.20511196553707123
0.33245033025741577
0.2709487974643707
0.2939746677875519
0.26867449283599854
0.2468591332435608
0.32754895091056824
0.2899194061756134
0.16266754269599915
0.25799474120140076
0.24117347598075867
0.2854028642177582
0.24496930837631226
0.31872934103012085
0.13039681315422058
0.2661709189414978
0.2249610871076584
0.21007168292999268
0.19505421817302704
0.31462278962135315
0.3160947263240814
0.2931494414806366
0.22546809911727905
0.2164411097764969
0.2421908676624298
0.14071235060691833
0.22142446041107178
0.12192075699567795
0.27119091153144836
0.23705151677131653
0.25303778052330017
0.21852479875087738
0.34807318449020386
0.26934435963630676
0.2197169065475464
0.23998725414276123
0.14861810207366943
0.28220662474632263
0.23096774518489838
0.26543864607810974
0.2671729624271393
0.3175625801086426
0.2030612677335739
0.17327608168125153
0.3179536461830139
0.17763400077819824
0.27242910861968994
0.2516624927520752
0.20159463584423065
0.2539770305156708
0.2785874605178833
0.19503797590732574
0.2881763279438019
0.18506868183612823
0.34861019253730774
0.21148793399333954
0.22533880174160004
0.26984941959381104
0.26422247290611267
0.21537050604820251
0.35261788964271545
0.17115378379821777
0.32482028007507324
0.18174436688423157
0.2387419492006302
0.3778610825538635
0.34744223952293396
0.19279344379901886
0.2149268388748169
0.2239058017730713
0.1925712525844574
0.24825634062290192
0.31081780791282654
0.3287276029586792
0.23690301179885864
0.25365689396858215
0.19889600574970245
0.4496177136898041
0.23681510984897614
0.18306691944599152
0.2082878053188324
0.16162030398845673
0.19232772290706635
0.20825165510177612
0.3535445034503937
0.20857839286327362
0.2942048907279968
0.21647818386554718
0.13352932035923004
0.15550477802753448
0.19258730113506317
0.15823905169963837
0.2960328459739685
0.24629519879817963
0.1447736769914627
0.3565613031387329
0.1511930525302887
0.3215537667274475
0.22027286887168884
0.28523045778274536
0.19006040692329407
0.20260003209114075
0.26431626081466675
0.30197736620903015
0.2966892719268799
0.2653995454311371
0.2903250753879547
0.2232344001531601
0.31097152829170227
0.30826443433761597
0.25676143169403076
0.2607259750366211
0.20898792147636414
0.35632452368736267
0.31880468130111694
0.13023844361305237
0.11967259645462036
0.4156429171562195
0.1484653204679489
0.3173931837081909
0.15934766829013824
0.19729472696781158
0.317543089389801
0.21564140915870667
0.25476130843162537
0.17957507073879242
0.24139629304409027
0.20387005805969238
0.25734636187553406
0.295146644115448
0.23017096519470215
0.1469564139842987
0.23418037593364716
0.24885796010494232
0.2637059688568115
0.2282377928495407
0.3316744863986969
0.2488277405500412
0.24118000268936157
0.1822689175605774
0.2035883516073227
0.14899595081806183
0.19633439183235168
0.2220516949892044
0.2057350128889084
0.14364542067050934
0.22428357601165771
0.24514605104923248
0.3221019506454468
0.2391147017478943
0.2330743670463562
0.30639731884002686
0.3143629729747772
0.31349924206733704
0.19237716495990753
0.25056183338165283
0.24599608778953552
0.40637528896331787
0.3726951777935028
0.20122335851192474
0.20682393014431
0.22750669717788696
0.33239632844924927
0.28791263699531555
0.16535447537899017
0.2263249009847641
0.2763330936431885
0.31604546308517456
0.2787000238895416
0.2594945430755615
0.20676198601722717
0.221348375082016
0.29670777916908264
0.2312166690826416
0.22335676848888397
0.23717078566551208
0.22967635095119476
0.2310582846403122
0.2682627737522125
0.2731073498725891
0.2631427049636841
0.2960559129714966
0.19156475365161896
0.24033060669898987
0.2497299611568451
0.21747858822345734
0.3137766718864441
0.27137455344200134
0.3153362572193146
0.18742550909519196
0.22384163737297058
0.2465532422065735
0.24492457509040833
0.23268724977970123
0.2614107131958008
0.14212194085121155
0.20894891023635864
0.17673544585704803
0.20586654543876648
0.16657015681266785
0.23695527017116547
0.2875535488128662
0.2517373263835907
0.25278764963150024
0.1967882364988327
0.23287954926490784
0.23302876949310303
0.16538165509700775
0.23644357919692993
0.32367509603500366
0.2113599330186844
0.20988796651363373
0.2684422731399536
0.20359079539775848
0.21102699637413025
0.14406968653202057
0.25907832384109497
0.17961668968200684
0.30543747544288635
0.1833493709564209
0.26724663376808167
0.2205122411251068
0.2873128056526184
0.3224300146102905
0.15903626382350922
0.16046054661273956
0.17932578921318054
0.20082375407218933
0.501106321811676
0.2853096127510071
0.21265284717082977
0.1809764802455902
0.3387502133846283
0.10016965866088867
0.28386858105659485
0.21455024182796478
0.22775742411613464
0.29098594188690186
0.2986184060573578
0.20454515516757965
0.2927896976470947
0.21917079389095306
0.31890979409217834
0.30213460326194763
0.28878307342529297
0.14566604793071747
0.20650644600391388
0.34724241495132446
0.22050930559635162
0.25873833894729614
0.2895332872867584
0.26181480288505554
0.1968776285648346
0.18244525790214539
0.17834417521953583
0.21715910732746124
0.24806314706802368
0.42121297121047974
0.1939181238412857

0.30086660385131836
0.11689639836549759
0.13848203420639038
0.20760688185691833
0.15280544757843018
0.2771453857421875
0.1674494445323944
0.23781020939350128
0.19784337282180786
0.2778603136539459
0.1783021241426468
0.16680070757865906
0.2293914258480072
0.18701690435409546
0.178352490067482
0.2544601857662201
0.1040082573890686
0.20424456894397736
0.22259865701198578
0.19531643390655518
0.2245602160692215
0.23276802897453308
0.12989281117916107
0.1515803337097168
0.17538003623485565
0.16844885051250458
0.19369880855083466
0.18180647492408752
0.14622126519680023
0.17021389305591583
0.12529365718364716
0.15828153491020203
0.1428649127483368
0.1515132188796997
0.18341219425201416
0.21847553551197052
0.14341144263744354
0.25057366490364075
0.272737056016922
0.270654559135437
0.13749775290489197
0.25174662470817566
0.28887563943862915
0.2188049554824829
0.356795072555542
0.21809644997119904
0.15957260131835938
0.18706431984901428
0.11870531737804413
0.19230958819389343
0.26160502433776855
0.2637503445148468
0.14654643833637238
0.24335789680480957
0.3363710045814514
0.21386398375034332
0.30040764808654785
0.30632567405700684
0.8988109230995178
0.17936895787715912
0.1798720508813858
0.1959790736436844
0.16166169941425323
0.2961678206920624
0.14384596049785614
0.2863433063030243
0.25152796506881714
0.11311471462249756
0.15873275697231293
0.3096301555633545
0.22070780396461487
0.1646609604358673
0.15240779519081116
0.2687649130821228
0.19027583301067352
0.21869462728500366
0.1729988008737564
0.18053436279296875
0.14522071182727814
0.2340714931488037
0.1944049745798111
0.1350797414779663
0.2819116413593292
0.15391847491264343
0.2456231415271759
0.13481280207633972
0.16934245824813843
0.1913299411535263
0.1677989661693573
0.2653714418411255
0.18035972118377686
0.18838727474212646
0.2876600921154022
0.14250297844409943
0.3260052800178528
0.11115161329507828
0.22826363146305084
0.21894925832748413
0.1540624052286148
0.2507222890853882
0.1557701826095581
0.2567249834537506
0.17311632633209229
0.27180808782577515
0.11479806900024414
0.28641167283058167
0.18180538713932037
0.1543998420238495
0.15455669164657593
0.1673300415277481
0.24092808365821838
0.28648996353149414
0.18826209008693695
0.17001450061798096
0.12077506631612778
0.18232367932796478
0.31356149911880493
0.16672034561634064
0.24937376379966736
0.23056966066360474
0.24093317985534668
0.21032607555389404
0.20578624308109283
0.20925647020339966
0.2569299638271332
0.17177622020244598
0.1328103393316269
0.1798620969057083
0.20498895645141602
0.2290775179862976
0.2607969045639038
0.21148467063903809
0.2168406993150711
0.18677471578121185
0.2957243025302887
0.2714393138885498
0.09955804795026779
0.20140232145786285
0.2278374433517456
0.18295152485370636
0.22554321587085724
0.1358402967453003
0.2294462025165558
0.3024110198020935
0.2475370615720749
0.16182410717010498
0.17988809943199158
0.19947029650211334
0.24925118684768677
0.24509723484516144
0.2884378731250763
0.1446196585893631
0.31779471039772034
0.13731999695301056
0.16830742359161377
0.21963244676589966
0.20483604073524475
0.20000381767749786
0.16851754486560822
0.24469181895256042
0.11639083921909332
0.19573408365249634
0.22389811277389526
0.33712273836135864
0.22448447346687317
0.23518429696559906
0.31969866156578064
0.0862204059958458
0.17661571502685547
0.2101798802614212
0.2354763001203537
0.1488160490989685
0.25679993629455566
0.2520102560520172
0.09719343483448029
0.1710634082555771
0.2912701964378357
0.23479822278022766
0.1336401104927063
0.33552494645118713
0.14954550564289093
0.18423552811145782
0.25355491042137146
0.16717982292175293
0.22262288630008698
0.13799922168254852
0.16036972403526306
0.1439182460308075
0.1460702270269394
0.3632170259952545
0.16518911719322205
0.17659242451190948
0.2240801751613617
0.19140352308750153
0.20656728744506836
0.24121621251106262
0.19430705904960632
0.24956366419792175
0.3465055525302887
0.29015693068504333
0.22779254615306854
0.19304469227790833
0.20175522565841675
0.22651876509189606
0.23080991208553314
0.1107298731803894
0.20745816826820374
0.22537647187709808
0.19924339652061462
0.19198369979858398
0.2301771640777588
0.2459610253572464
0.31471192836761475
0.13436579704284668
0.22617585957050323
0.2004673331975937
0.20223423838615417
0.1047329306602478
0.10088726878166199
0.16075757145881653
0.10759897530078888
0.12105809152126312
0.20786648988723755
0.21503889560699463
0.09826932102441788
0.16156969964504242
0.12878496944904327
0.14082561433315277
0.28298959136009216
0.1600705236196518
0.16177651286125183
0.2668875455856323
0.28824490308761597
0.19962196052074432
0.13409921526908875
0.24980974197387695
0.15655067563056946
0.1324903517961502
0.19606459140777588
0.30706703662872314
0.2542421519756317
0.22372886538505554
0.1369611620903015
0.14645501971244812
0.19581879675388336
0.08655952662229538
0.09289101511240005
0.17444609105587006
0.19408155977725983
0.1706099957227707
0.14852368831634521
0.1866384595632553
0.2583315074443817
0.3561028838157654
0.13910776376724243
0.25964346528053284
0.2813803553581238
0.22929532825946808
0.13035066425800323
0.168272003531456
0.16018016636371613
0.12399210035800934
0.1400117427110672
0.22564969956874847
0.18613605201244354
0.14461228251457214
0.2009228616952896
0.2003595530986786
0.25595954060554504
0.23075564205646515
0.19185316562652588
0.2266993522644043
0.17134705185890198
0.20150147378444672
0.22181759774684906
0.14045803248882294
0.16473712027072906
0.13753600418567657
0.14318503439426422
0.2125023752450943
0.3047660291194916
0.1942271739244461
0.13486342132091522
0.21189039945602417
0.26718512177467346
0.19624555110931396
0.1694270521402359
0.26408717036247253
0.1926584541797638
0.17251668870449066
0.11947961896657944
0.2889822721481323
0.28374457359313965
0.29331013560295105
0.2263934165239334
0.24900707602500916
0.24890953302383423
0.3107602000236511
0.25136974453926086
0.1979573518037796
0.3243851363658905
0.3233968913555145
0.34133321046829224
0.11699269711971283
0.1684386432170868
0.28169283270835876
0.18321190774440765
0.2291296124458313
0.17964348196983337
0.2933606803417206
0.1844174563884735
0.19992361962795258
0.27405479550361633
0.17977668344974518
0.30618223547935486
0.20305192470550537
0.11921636015176773
0.30134016275405884
0.24668584764003754
0.10811863839626312
0.20830020308494568
0.21795880794525146
0.12955613434314728
0.20624634623527527
0.17693127691745758
0.15099084377288818
0.16753076016902924
0.18846359848976135
0.1852334439754486
0.1620423048734665
0.2247980386018753
0.14478424191474915
0.20333249866962433
0.40170818567276
0.18397659063339233
0.2292206883430481
0.08697400987148285
0.10643374919891357
0.11519768834114075
0.11613203585147858
0.17800459265708923
0.3115331530570984
0.12931564450263977
0.24766035377979279
0.1606101244688034
0.21503430604934692
0.20927676558494568
0.2899116277694702
0.1729496568441391
0.21480894088745117
0.1656992882490158
0.13145630061626434
0.18736809492111206
0.19661742448806763
0.20345716178417206
0.12642571330070496
0.17784544825553894
0.2386493980884552
0.19418804347515106
0.20712749660015106
0.22094936668872833
0.252532035112381
0.211395725607872
0.1783955693244934
0.14475418627262115
0.13140806555747986
0.10885953158140182
0.2102302461862564
0.12256725132465363
0.17115819454193115
0.29667454957962036
0.16219273209571838
0.120805524289608
0.22680407762527466
0.2507422864437103
0.2386307418346405
0.16673637926578522
0.10367295891046524
0.168362095952034
0.17998601496219635
0.2592867612838745
0.2181178331375122
0.183686301112175
0.17106682062149048
0.15829256176948547
0.19753850996494293
0.2134215235710144
0.14882156252861023
0.16119933128356934
0.16960646212100983
0.26778602600097656
0.13256895542144775
0.15953680872917175
0.26872244477272034
0.23540325462818146
0.2034626305103302
0.1784258335828781
0.21236073970794678
0.11572325974702835
0.07242339104413986
0.17397737503051758
0.17683765292167664
0.11924686282873154
0.1832394301891327
0.20536907017230988
0.20219086110591888
0.2600175142288208
0.07187115401029587
0.1331571489572525
0.10693009942770004
0.19344159960746765
0.18760938942432404
0.2603885531425476
0.19251441955566406
0.15587542951107025
0.19341155886650085
0.2068794071674347
0.20293039083480835
0.17974647879600525
0.17453327775001526
0.18039634823799133
0.18367724120616913
0.2286781668663025
0.18671756982803345
0.14999352395534515
0.16227276623249054
0.2064180225133896
0.22836722433567047
0.18059025704860687
0.24099873006343842
0.26037201285362244
0.21905049681663513
0.1805076152086258
0.16879037022590637
0.22325856983661652
0.19097104668617249
0.1741413176059723
0.18673405051231384
0.16486331820487976
0.20072366297245026
0.1566348373889923
0.16045698523521423
0.06968417018651962
0.1487145870923996
0.2112979143857956
0.1609237790107727
0.1755768358707428
0.33384063839912415
0.1822473108768463
0.13780520856380463
0.23746514320373535
0.1946944147348404
0.14404790103435516
0.17258885502815247
0.23689991235733032
0.09124214947223663
0.16968071460723877
0.12902861833572388
0.13410793244838715
0.14592278003692627
0.2411857694387436
0.2347627729177475
0.2179742008447647
0.29041963815689087
0.16118521988391876
0.20940862596035004
0.20878715813159943
0.1489977389574051
0.17335931956768036
0.2642066776752472
0.19697970151901245
0.2233937382698059
0.15809613466262817
0.23560452461242676
0.2317480444908142
0.18922337889671326
0.17207294702529907
0.25766614079475403
0.1141413226723671
0.19725154340267181
0.20045945048332214
0.1349114179611206
0.2663818299770355
0.20573002099990845
0.15713326632976532
0.2294485718011856
0.18823976814746857
0.25289255380630493
0.20303453505039215
0.29995009303092957
0.11916835606098175
0.14431129395961761
0.25675836205482483
0.211367666721344
0.15742507576942444
0.07237112522125244
0.19206617772579193
0.24525311589241028
0.1682678759098053
0.19235952198505402
0.15293721854686737
0.1660434454679489
0.16341142356395721
0.2853544354438782
0.17965760827064514
0.17415279150009155
0.16492271423339844
0.13442741334438324
0.21728931367397308
0.158877432346344
0.20356397330760956
0.16504693031311035
0.27788808941841125
0.11357756704092026
0.18739557266235352
0.1317814290523529
0.3162909150123596
0.23202075064182281
0.10442505031824112
0.14969894289970398
0.21720068156719208
0.1418478637933731
0.11121250689029694
0.25672271847724915
0.1808701753616333
0.17989496886730194
0.2566446363925934
0.21377262473106384
0.2135135531425476
0.14352121949195862
0.18544891476631165
0.1341855227947235
0.16104047000408173
0.2851674556732178
0.21458584070205688
0.17544081807136536
0.12610787153244019
0.2104247361421585
0.19061608612537384
0.15244920551776886
0.10194885730743408
0.26513752341270447
0.1329367458820343
0.2747844159603119
0.14286468923091888
0.16125932335853577
0.1945471167564392
0.19752992689609528
0.21966688334941864
0.22873474657535553
0.1204582005739212
0.159277081489563
0.23265184462070465
0.12947213649749756
0.20215263962745667
0.2944049537181854
0.21531377732753754
0.11863487213850021
0.11263976991176605
0.15511952340602875
0.27137288451194763
0.3339129090309143
0.16760849952697754
0.28192034363746643
0.12802311778068542
0.24734027683734894
0.10778719186782837
0.22373415529727936
0.327267587184906
0.24092404544353485
0.33951878547668457
0.23583820462226868
0.14996309578418732
0.22239622473716736
0.13348203897476196
0.21103757619857788
0.08146118372678757
0.14683644473552704
0.3025801181793213
0.20012839138507843
0.19509552419185638
0.22882172465324402
0.3212715685367584
0.1639314442873001
0.20025910437107086
0.17847101390361786
0.11064141243696213
0.1916198879480362
0.21402232348918915
0.1535387933254242
0.25269103050231934
0.22913967072963715
0.29311299324035645
0.26169267296791077
0.21183879673480988
0.14610451459884644
0.18967802822589874
0.212904155254364
0.10505581647157669
0.22547368705272675
0.15312272310256958
0.2413976639509201
0.16151343286037445
0.2447390854358673
0.10309166461229324
0.1401268094778061
0.1848660111427307
0.15629839897155762
0.15740849077701569
0.15580421686172485
0.15890078246593475
0.21777258813381195
0.1054394319653511
0.22349394857883453
0.3338019549846649
0.14570315182209015
0.13140322268009186
0.2462751418352127
0.1423259824514389
0.22102154791355133
0.1891583502292633
0.18842986226081848
0.2222951501607895
0.288493812084198
0.1015620306134224
0.16414758563041687
0.18259313702583313
0.17291103303432465
0.09339720010757446
0.1994626522064209
0.08968058228492737
0.12789742648601532
0.2667132019996643
0.1651260256767273
0.10950174182653427
0.1283685714006424
0.13022169470787048
0.17855162918567657
0.14591524004936218
0.1582263559103012
0.09421856701374054
0.12716782093048096
0.15815751254558563
0.2197905331850052
0.18233591318130493
0.22529886662960052
0.10620253533124924
0.24351871013641357
0.23255009949207306
0.19834363460540771
0.12921597063541412
0.22111450135707855
0.13757462799549103
0.1732618808746338
0.14324980974197388
0.13483713567256927
0.1626216322183609
0.14448495209217072
0.19400110840797424
0.16663458943367004
0.16168980300426483
0.1316983848810196
0.19954636693000793
0.14115948975086212
0.15492860972881317
0.0569845587015152
0.17951643466949463
0.3644171953201294
0.13951486349105835
0.20426668226718903
0.18865786492824554
0.230041041970253
0.10818533599376678
0.0869346559047699
0.11862750351428986
0.17998920381069183
0.28376713395118713
0.15152481198310852
0.29224076867103577
0.1500084549188614
0.13296917080879211
0.23757511377334595
0.22651997208595276
0.10775133967399597
0.22673699259757996
0.34557875990867615
0.30684590339660645
0.17158745229244232
0.1958705186843872
0.12063460052013397
0.24868974089622498
0.22244377434253693
0.08337299525737762
0.25029945373535156
0.22323472797870636
0.18185387551784515
0.15208593010902405
0.11079087853431702
0.17132432758808136
0.1591329723596573
0.13780458271503448
0.19020941853523254
0.22301135957241058
0.7791585922241211

0.1725110560655594
0.17285063862800598
0.10221486538648605
0.16947469115257263
0.13237453997135162
0.15225404500961304
0.18037211894989014
0.07571765035390854
0.14718276262283325
0.12330695241689682
0.14135172963142395
0.13622090220451355
0.10702842473983765
0.12200630456209183
0.1465926617383957
0.12871354818344116
0.237584188580513
0.14555774629116058
0.2068147212266922
0.14163929224014282
0.15473687648773193
0.15623638033866882
0.1311575025320053
0.13402017951011658
0.20399977266788483
0.15860795974731445
0.16856268048286438
0.08832929283380508
0.1804373860359192
0.07764329016208649
0.1754007339477539
0.18191629648208618
0.1304028481245041
0.18089792132377625
0.2861616909503937
0.17137381434440613
0.055035460740327835
0.1887844353914261
0.12636403739452362
0.18000955879688263
0.18230988085269928
0.15440736711025238
0.06228799372911453
0.10396730154752731
0.2660745680332184
0.1686260998249054
0.15222740173339844
0.14519266784191132
0.19391924142837524
0.07619021087884903
0.10666169226169586
0.16867047548294067
0.25674763321876526
0.13385961949825287
0.0909573882818222
0.20100024342536926
0.06505676358938217
0.09705699235200882
0.15894268453121185
0.1460789144039154
0.09561743587255478
0.13891488313674927
0.07069794833660126
0.12394807487726212
0.14349155128002167
0.16382788121700287
0.201426699757576
0.21407027542591095
0.1296815276145935
0.15361042320728302
0.17123427987098694
0.14795181155204773
0.1579553186893463
0.14755232632160187
0.11753988265991211
0.21494992077350616
0.08754833787679672
0.17529329657554626
0.09291396290063858
0.07250509411096573
0.10443980246782303
0.13081444799900055
0.13548792898654938
0.15865397453308105
0.07874622195959091
0.13134537637233734
0.1397213637828827
0.09175876528024673
0.10156484693288803
0.07295701652765274
0.09697268903255463
0.1608201414346695
0.11217331141233444
0.12507358193397522
0.12701068818569183
0.08184254169464111
0.096700519323349
0.17645137012004852
0.07487814873456955
0.2914842367172241
0.18526609241962433
0.08951155841350555
0.052369896322488785
0.1278810054063797
0.07486546784639359
0.11197558790445328
0.07318006455898285
0.2233871966600418
0.15922676026821136
0.11691517382860184
0.23528322577476501
0.13992640376091003
0.10231494158506393
0.12412353605031967
0.09252195060253143
0.09137780964374542
0.22588887810707092
0.08142921328544617
0.15279848873615265
0.17862242460250854
0.11507831513881683
0.14402662217617035
0.14450636506080627
0.25619426369667053
0.31252628564834595
0.36319413781166077
0.16185535490512848
0.11281605809926987
0.0784190446138382
0.17914220690727234
0.20024645328521729
0.14466062188148499
0.1335657238960266
0.09072767943143845
0.11515294760465622
0.13531263172626495
0.15412452816963196
0.14181184768676758
0.11735718697309494
0.10543349385261536
0.03478953614830971
0.17028933763504028
0.22042331099510193
0.27195635437965393
0.13685671985149384
0.13259871304035187
0.1620892584323883
0.14529524743556976
0.13822010159492493
0.13298368453979492
0.1378849595785141
0.10110687464475632
0.20180654525756836
0.1057104840874672
0.22725576162338257
0.18832410871982574
0.17517825961112976
0.13036885857582092
0.05425381287932396
0.16024881601333618
0.1633809357881546
0.14854790270328522
0.13798514008522034
0.09683360904455185
0.09274783730506897
0.08277315646409988
0.16354995965957642
0.17028258740901947
0.17401550710201263
0.1637292504310608
0.06666648387908936
0.281113862991333
0.15945851802825928
0.11368764936923981
0.281667560338974
0.14037609100341797
0.24610023200511932
0.11360768973827362
0.24312543869018555
0.14882349967956543
0.09742032736539841
0.08630290627479553
0.1837519258260727
0.17668843269348145
0.09213011711835861
0.10231203585863113
0.13908500969409943
0.0951882004737854
0.12402171641588211
0.1906764805316925
0.14975225925445557
0.08579037338495255
0.16239680349826813
0.23440547287464142
0.1890687346458435
0.12097951024770737
0.14973315596580505
0.1267569363117218
0.13800737261772156
0.203980952501297
0.08752953261137009
0.14967593550682068
0.1501338928937912
0.1528913527727127
0.11078262329101562
0.10353066027164459
0.126618430018425
0.19917912781238556
0.10477978736162186
0.10465820133686066
0.1629990041255951
0.1312950700521469
0.12732307612895966
0.1240554079413414
0.10744117200374603
0.13675257563591003
0.13718965649604797
0.14585009217262268
0.11455506086349487
0.190260112285614
0.11610326915979385
0.12721681594848633
0.16859829425811768
0.08951718360185623
0.11996838450431824
0.1845920830965042
0.09693147987127304
0.10214808583259583
0.11247500032186508
0.10660509765148163
0.1171790361404419
0.1314769983291626
0.0839758813381195
0.09601954370737076
0.20450003445148468
0.1728830188512802
0.0886935442686081
0.07206963002681732
0.07842065393924713
0.1086629182100296
0.17942073941230774
0.2533934712409973
0.13103222846984863
0.11752593517303467
0.08970107138156891
0.1967325061559677
0.07864421606063843
0.11918363720178604
0.0940803661942482
0.12308178097009659
0.2241734117269516
0.19028843939304352
0.07253672182559967
0.28058865666389465
0.07866987586021423
0.13209359347820282
0.07420706003904343
0.1490728110074997
0.22444061934947968
0.11567974090576172
0.08434809744358063
0.14922025799751282
0.09018827229738235
0.09544902294874191
0.09907232969999313
0.17882393300533295
0.09412546455860138
0.23101480305194855
0.10264605283737183
0.20794400572776794
0.11761752516031265
0.11211977899074554
0.1467725932598114
0.13672879338264465
0.12334480881690979
0.1665891855955124
0.06226293370127678
0.13177815079689026
0.09751350432634354
0.16501851379871368
0.1697099208831787
0.18729020655155182
0.16653817892074585
0.1407080888748169
0.21117572486400604
0.08027320355176926
0.11922182887792587
0.12559504806995392
0.08874378353357315
0.1955552101135254
0.12567849457263947
0.24484367668628693
0.14784136414527893
0.21096834540367126
0.15131933987140656
0.12536673247814178
0.1020670235157013
0.10521839559078217
0.12047778815031052
0.1290443390607834
0.08703593909740448
0.21043160557746887
0.10236173123121262
0.08883141726255417
0.18774482607841492
0.18038159608840942
0.17644722759723663
0.09507660567760468
0.05094872787594795
0.16632024943828583
0.21671974658966064
0.1225053071975708
0.2082647681236267
0.1442767232656479
0.0633830800652504
0.15358512103557587
0.11550164222717285
0.21486598253250122
0.23492218554019928
0.09596621990203857
0.13326486945152283
0.17706379294395447
0.045960672199726105
0.3039202094078064
0.19762519001960754
0.17412172257900238
0.1835263967514038
0.15277257561683655
0.20619332790374756
0.21056751906871796
0.08185328543186188
0.1042458638548851
0.1964063197374344
0.1400681883096695
0.052688807249069214
0.2610907554626465
0.1440751999616623
0.1968778669834137
0.18019279837608337
0.13323107361793518
0.16998903453350067
0.17113785445690155
0.099838487803936
0.19832681119441986
0.08421971648931503
0.21270544826984406
0.142490953207016
0.1744074523448944
0.11527971178293228
0.12631769478321075
0.11938866972923279
0.1915498673915863
0.15464943647384644
0.11208687722682953
0.06534799188375473
0.14240938425064087
0.16337798535823822
0.10675793141126633
0.07692286372184753
0.12626051902770996
0.08675756305456161
0.11485216021537781
0.1643679291009903
0.11206822097301483
0.19962862133979797
0.11008164286613464
0.18148691952228546
0.06239143759012222
0.1547846645116806
0.11542543023824692
0.10145225375890732
0.181555837392807
0.06483827531337738
0.12396813929080963
0.16951501369476318
0.24286507070064545
0.14315573871135712
0.13544318079948425
0.13446341454982758
0.13788551092147827
0.18595284223556519
0.11357183754444122
0.13186821341514587
0.03245045244693756
0.15338830649852753
0.1073593869805336
0.2671888768672943
0.10194568336009979
0.23922394216060638
0.07853592932224274
0.1826556771993637
0.11590518802404404
0.21760272979736328
0.2550070881843567
0.1224793940782547
0.13747522234916687
0.15043562650680542
0.12528258562088013
0.10477831959724426
0.1487748622894287
0.08423230797052383
0.08162398636341095
0.11003036051988602
0.2740418612957001
0.15104138851165771
0.09132091701030731
0.06477894634008408
0.07919669896364212
0.14813265204429626
0.109987273812294
0.12757164239883423
0.09701035916805267
0.10732902586460114
0.16455426812171936
0.1985878199338913
0.12279579043388367
0.11321891099214554
0.20759625732898712
0.16441397368907928
0.11826235800981522
0.06132892891764641
0.07787017524242401
0.1267557591199875
0.059636060148477554
0.2160811573266983
0.16826526820659637
0.15556786954402924
0.09765530377626419
0.09954461455345154
0.13224168121814728
0.09577906876802444
0.11103912442922592
0.20961299538612366
0.11902979016304016
0.16532041132450104
0.1162848025560379
0.11126647889614105
0.12091986835002899
0.13919022679328918
0.14399024844169617
0.18858394026756287
0.14586985111236572
0.2448924332857132
0.12704049050807953
0.07188278436660767
0.1963268667459488
0.1314871609210968
0.19856612384319305
0.14603999257087708
0.11042571812868118
0.13021345436573029
0.1241409108042717
0.16341255605220795
0.25810807943344116
0.11063063144683838
0.14156296849250793
0.15074802935123444
0.10607209801673889
0.1293550282716751
0.12654170393943787
0.28896287083625793
0.23926405608654022
0.2302704006433487
0.16953861713409424
0.15551979839801788
0.13888777792453766
0.11361383646726608
0.1503630131483078
0.10823971778154373
0.16867515444755554
0.17890067398548126
0.13132242858409882
0.08666526526212692
0.1809471845626831
0.2073429673910141
0.1382800191640854
0.14482198655605316
0.1385333091020584
0.11641848087310791
0.09453143924474716
0.15585759282112122
0.0896381214261055
0.17381979525089264
0.1462434083223343
0.19081853330135345
0.14102429151535034
0.11923614889383316
0.10724278539419174
0.24024111032485962
0.24944201111793518
0.1760435700416565
0.19901949167251587
0.11183138191699982
0.10234685987234116
0.10593586415052414
0.06081966310739517
0.18281708657741547
0.10549736768007278
0.1826438009738922
0.19987383484840393
0.1415773630142212
0.1132080927491188
0.16718153655529022
0.182272806763649
0.1654575914144516
0.1804932802915573
0.058123618364334106
0.15607048571109772
0.09429556131362915
0.1761161983013153
0.08385998755693436
0.08720856159925461
0.15070012211799622
0.17387981712818146
0.11785167455673218
0.18113665282726288
0.1023503765463829
0.13566046953201294
0.13623547554016113
0.14388062059879303
0.17850226163864136
0.08758783340454102
0.26339566707611084
0.06358084827661514
0.13231199979782104
0.09396367520093918
0.18442001938819885
0.2519676983356476
0.18273046612739563
0.12042771279811859
0.23281915485858917
0.06528203189373016
0.18499873578548431
0.060979362577199936
0.19919095933437347
0.15012560784816742
0.15152227878570557
0.16297957301139832
0.20674215257167816
0.14190267026424408
0.07231727987527847
0.14706356823444366
0.15258003771305084
0.11730919778347015
0.08817775547504425
0.13080865144729614
0.2106385976076126
0.18429771065711975
0.13412581384181976
0.1288372129201889
0.27266159653663635
0.24503427743911743
0.0950654149055481
0.1589360535144806
0.1477290689945221
0.18584772944450378
0.17419970035552979
0.15757031738758087
0.11249972879886627
0.09762880206108093
0.13379640877246857
0.17923662066459656
0.12315523624420166
0.24407634139060974
0.18287086486816406
0.1557401865720749
0.11337760835886002
0.2064947932958603
0.13912929594516754
0.15190745890140533
0.03835580125451088
0.132565438747406
0.2846064269542694
0.08884597569704056
0.1338231861591339
0.09986678510904312
0.2536122798919678
0.14004549384117126
0.12612226605415344
0.10264480113983154
0.17049530148506165
0.1197541132569313
0.18792475759983063
0.19797156751155853
0.07275564968585968
0.20298102498054504
0.09652696549892426
0.0854523703455925
0.21116715669631958
0.2558750510215759
0.10379832237958908
0.21473923325538635
0.03660095855593681
0.10895440727472305
0.20607450604438782
0.17406423389911652
0.11284195631742477
0.1200367733836174
0.08710440993309021
0.11418306827545166
0.10110651701688766
0.17115996778011322
0.20912346243858337
0.08785941451787949
0.14574816823005676
0.16255496442317963
0.15215212106704712
0.13375432789325714
0.11520376801490784
0.09278544783592224
0.12516605854034424
0.07113829255104065
0.1632513552904129
0.12090650945901871
0.11623044312000275
0.1068325936794281
0.18089032173156738
0.11793123930692673
0.1533256620168686
0.07892332971096039
0.0998656153678894
0.11792020499706268
0.14050941169261932
0.10545258224010468
0.21935990452766418
0.09113244712352753
0.15139427781105042
0.12650369107723236
0.09434753656387329
0.08196578174829483
0.12975220382213593
0.11495355516672134
0.11259656399488449
0.2346736490726471
0.09047093987464905
0.21950209140777588
0.10192102938890457
0.1310831606388092
0.11325444281101227
0.09537515044212341
0.16732075810432434
0.1608877331018448
0.21663273870944977
0.13620981574058533
0.08280486613512039
0.09050880372524261
0.043836988508701324
0.13398540019989014
0.23948517441749573
0.06180540472269058
0.16831055283546448
0.14067929983139038
0.11600613594055176
0.10049596428871155
0.13120202720165253
0.13285258412361145
0.16603979468345642
0.1659766137599945
0.07744459807872772
0.11145133525133133
0.2055436074733734
0.1972009837627411
0.16383764147758484
0.12700064480304718
0.09493032097816467
0.11979849636554718
0.17521627247333527
0.08084198832511902
0.04662216827273369
0.1831870824098587
0.13114745914936066
0.14453141391277313
0.1661047488451004
0.1926020383834839
0.07364813983440399
0.08722703158855438
0.09392113238573074
0.1575193703174591
0.1454257071018219
0.18225157260894775
0.12540628015995026
0.13888795673847198
0.13238967955112457
0.19550979137420654
0.08634192496538162
0.12573739886283875
0.2222326546907425
0.09910620003938675
0.0811385065317154
0.08426052331924438
0.0875663310289383
0.07707624137401581
0.06786933541297913
0.12301727384328842
0.0668988972902298
0.1886279433965683
0.12757353484630585
0.21113066375255585
0.11707764863967896
0.14124903082847595
0.11660383641719818
0.11777744442224503
0.07624781131744385
1.6682758331298828

0.06727771461009979
0.16951890289783478
0.06909859925508499
0.06914588063955307
0.05468209087848663
0.04707749933004379
0.05521496385335922
0.07972683757543564
0.09405785799026489
0.08665061742067337
0.06395235657691956
0.0785863995552063
0.09768656641244888
0.05356469005346298
0.08707974851131439
0.12358040362596512
0.15515398979187012
0.11721125990152359
0.06197647377848625
0.09623134881258011
0.09361228346824646
0.09288249164819717
0.035618290305137634
0.10202363133430481
0.16924645006656647
0.08219995349645615
0.08420124650001526
0.07948575913906097
0.08443289250135422
0.06355683505535126
0.13185180723667145
0.10414126515388489
0.18626786768436432
0.15357069671154022
0.10738248378038406
0.09120915830135345
0.06110686808824539
0.23259474337100983
0.11471623182296753
0.06983739137649536
0.055550552904605865
0.06021266430616379
0.13243967294692993
0.12181119620800018
0.10638199001550674
0.1168268695473671
0.16784289479255676
0.11509717255830765
0.08352601528167725
0.09710554033517838
0.05129185691475868
0.12733256816864014
0.18000778555870056
0.10847507417201996
0.13290125131607056
0.043100856244564056
0.09702278673648834
0.05169866234064102
0.044734515249729156
0.12739206850528717
0.08357155323028564
0.15704020857810974
0.06425196677446365
0.07577140629291534
0.05773923173546791
0.07056013494729996
0.07870317995548248
0.0783914253115654
0.07253597676753998
0.08167006075382233
0.11406935006380081
0.08494611829519272
0.12584775686264038
0.1061139926314354
0.0739385187625885
0.04556567966938019
0.14565911889076233
0.05830959975719452
0.09952069073915482
0.08597970008850098
0.07069386541843414
0.07695652544498444
0.17931002378463745
0.11185844242572784
0.07344549149274826
0.18329262733459473
0.08805914223194122
0.07219012826681137
0.14229118824005127
0.12159531563520432
0.19885596632957458
0.0677221268415451
0.09000787883996964
0.11949782818555832
0.08961506932973862
0.05479204282164574
0.0970863327383995
0.12400912493467331
0.14382311701774597
0.15225954353809357
0.07463562488555908
0.036387067288160324
0.1754322648048401
0.1895839422941208
0.19928237795829773
0.04135141521692276
0.17298293113708496
0.04447434842586517
0.05014917254447937
0.1783961057662964
0.15875758230686188
0.09416093677282333
0.12422871589660645
0.08243989199399948
0.06504892557859421
0.08544226735830307
0.09319231659173965
0.05211934074759483
0.14382103085517883
0.18834832310676575
0.05545778200030327
0.11363904923200607
0.0693623274564743
0.09070610255002975
0.10156581550836563
0.16359493136405945
0.07255888730287552
0.05611623078584671
0.07152103632688522
0.11961717903614044
0.12395182996988297
0.09640780836343765
0.08403950929641724
0.12215591967105865
0.11354659497737885
0.14360980689525604
0.15235087275505066
0.0994466096162796
0.02860339544713497
0.15727366507053375
0.06470213830471039
0.07499498128890991
0.1614990383386612
0.2094564139842987
0.08060555160045624
0.0700603798031807
0.19781173765659332
0.03220497816801071
0.11847134679555893
0.07124918699264526
0.06928528100252151
0.1994825005531311
0.13059167563915253
0.09493495523929596
0.09471617639064789
0.19446420669555664
0.15516655147075653
0.16091810166835785
0.2003502994775772
0.057717468589544296
0.349588006734848
0.13817539811134338
0.15659838914871216
0.11205656081438065
0.21355211734771729
0.1916053742170334
0.085417240858078
0.09581376612186432
0.130158469080925
0.09919599443674088
0.13326872885227203
0.10990725457668304
0.11674739420413971
0.3431161046028137
0.17330919206142426
0.09495002031326294
0.16061551868915558
0.11665380001068115
0.12811604142189026
0.15940897166728973
0.20410077273845673
0.10507725924253464
0.12482846528291702
0.0368691049516201
0.10386846214532852
0.15298929810523987
0.20494620501995087
0.1593342274427414
0.08994540572166443
0.16364112496376038
0.09684459120035172
0.040408648550510406
0.12475303560495377
0.1504596769809723
0.0942893698811531
0.16083332896232605
0.16740290820598602
0.22300411760807037
0.07793592661619186
0.15178373456001282
0.08389608561992645
0.18391381204128265
0.05019839480519295
0.08005501329898834
0.09854476898908615
0.07022841274738312
0.09055406600236893
0.14112190902233124
0.09232089668512344
0.07462194561958313
0.10731776058673859
0.056572314351797104
0.1166604533791542
0.10399933904409409
0.0583946630358696
0.11087128520011902
0.24229255318641663
0.1797480434179306
0.22720827162265778
0.07965565472841263
0.07625792175531387
0.09195278584957123
0.2030414640903473
0.10388344526290894
0.14364098012447357
0.06933090090751648
0.16026844084262848
0.028767645359039307
0.10306574404239655
0.09100604057312012
0.0855511724948883
0.16388987004756927
0.09080900996923447
0.11912812292575836
0.13978327810764313
0.22979502379894257
0.10135314613580704
0.03328605741262436
0.06527797877788544
0.045378416776657104
0.16696001589298248
0.08455964177846909
0.12348317354917526
0.08276863396167755
0.14954592287540436
0.05361662060022354
0.2369394451379776
0.12476348876953125
0.10261892527341843
0.12343516200780869
0.1273920089006424
0.25061896443367004
0.10404961556196213
0.12041761726140976
0.0745249092578888
0.11176703125238419
0.20180533826351166
0.0849088504910469
0.16655771434307098
0.26868391036987305
0.11761430650949478
0.10193078219890594
0.10641507059335709
0.05791221559047699
0.10911928862333298
0.08848077803850174
0.17021110653877258
0.06778790801763535
0.05320342630147934
0.06471223384141922
0.08580248802900314
0.14877872169017792
0.08819787949323654
0.04698255658149719
0.08166813105344772
0.08556729555130005
0.06133558973670006
0.1918814778327942
0.09855549782514572
0.11796462535858154
0.16194939613342285
0.13595342636108398
0.08440397679805756
0.0384138822555542
0.20624715089797974
0.1033053919672966
0.06614479422569275
0.14635373651981354
0.08872920274734497
0.10434066504240036
0.09044946730136871
0.11967755854129791
0.0784078985452652
0.13773773610591888
0.07911520451307297
0.024321675300598145
0.15085384249687195
0.10813164710998535
0.18638357520103455
0.09065857529640198
0.3124699592590332
0.17502348124980927
0.08996616303920746
0.17894354462623596
0.048947907984256744
0.11529050767421722
0.08885355293750763
0.1646474152803421
0.1479967087507248
0.06859384477138519
0.3217257261276245
0.1795845329761505
0.0587090365588665
0.16664254665374756
0.1006123423576355
0.06584305316209793
0.05324511229991913
0.14792609214782715
0.09302373975515366
0.2519080936908722
0.12690980732440948
0.16408151388168335
0.14146792888641357
0.08758275210857391
0.06211453303694725
0.09804937243461609
0.14046479761600494
0.11093182861804962
0.05857279524207115
0.11048530787229538
0.06830006837844849
0.12223003804683685
0.10070709884166718
0.1438964158296585
0.08422167599201202
0.19457663595676422
0.1256241500377655
0.08783663809299469
0.03477359190583229
0.07095316052436829
0.08726851642131805
0.13876019418239594
0.1433899700641632
0.18922707438468933
0.052315495908260345
0.07157688587903976
0.12609800696372986
0.061786722391843796
0.07890214771032333
0.14794547855854034
0.2142823189496994
0.06302765756845474
0.10978379100561142
0.07078111916780472
0.16469357907772064
0.09669093042612076
0.09273288398981094
0.17423158884048462
0.10934031754732132
0.22974927723407745
0.0720519870519638
0.06865454465150833
0.12719644606113434
0.0978248342871666
0.09006787836551666
0.03769746050238609
0.18937095999717712
0.13711416721343994
0.04745515435934067
0.1425030380487442
0.0881476029753685
0.06801814585924149
0.06025972589850426
0.072252057492733
0.1883707046508789
0.21468573808670044
0.06870599091053009
0.1597118377685547
0.10297030955553055
0.06704240292310715
0.11883362382650375
0.06212404742836952
0.0731990709900856
0.09662420302629471
0.16878750920295715
0.08816372603178024
0.08932036906480789
0.05146753787994385
0.0964832454919815
0.1941332072019577
0.11701814085245132
0.23683525621891022
0.14491745829582214
0.10605375468730927
0.11585678905248642
0.058321449905633926
0.09791681170463562
0.1729976087808609
0.17557169497013092
0.13321560621261597
0.14368730783462524
0.05775177851319313
0.08412783592939377
0.05316175892949104
0.19333197176456451
0.1009790375828743
0.05875314027070999
0.11007276177406311
0.10988913476467133
0.08618064969778061
0.19349278509616852
0.1042524203658104
0.08121425658464432
0.09249525517225266
0.14729797840118408
0.14360283315181732
0.08576202392578125
0.1292901635169983
0.13777780532836914
0.05214192345738411
0.22267162799835205
0.18511195480823517
0.06809838861227036
0.0932837501168251
0.04186781495809555
0.07031228393316269
0.1077331155538559
0.1310366988182068
0.11102794110774994
0.07710893452167511
0.12853597104549408
0.05249098688364029
0.13709181547164917
0.08550497144460678
0.13287895917892456
0.08333241194486618
0.11827675998210907
0.09952004998922348
0.10722526162862778
0.13647548854351044
0.09097135066986084
0.0702209398150444
0.10861572623252869
0.1502697914838791
0.06071459501981735
0.09707027673721313
0.06799297779798508
0.04638867452740669
0.10698218643665314
0.1661958396434784
0.1249416247010231
0.07407253980636597
0.0797250047326088
0.1572294533252716
0.1266889125108719
0.15400655567646027
0.12312354147434235
0.05661988630890846
0.14851167798042297
0.05095077306032181
0.1701860874891281
0.07869979739189148
0.07934673130512238
0.03097866289317608
0.04930097982287407
0.09821455925703049
0.08288554847240448
0.17703352868556976
0.16811497509479523
0.07174456864595413
0.1175498217344284
0.08615414798259735
0.061007075011730194
0.08880198746919632
0.07273454964160919
0.12270381301641464
0.16472357511520386
0.17083832621574402
0.10195809602737427
0.024157341569662094
0.10209307819604874
0.032325584441423416
0.14109456539154053
0.14816874265670776
0.13074740767478943
0.11399325728416443
0.1492031216621399
0.10166672617197037
0.1636243313550949
0.10287566483020782
0.05291296914219856
0.1351325958967209
0.15688636898994446
0.17067524790763855
0.1807004064321518
0.23197805881500244
0.0982370674610138
0.07607030868530273
0.12819185853004456
0.10440506041049957
0.09397615492343903
0.06354039907455444
0.11875759810209274
0.15226693451404572
0.13930781185626984
0.15586335957050323
0.08109866827726364
0.1448533535003662
0.12035821378231049
0.10846386104822159
0.08462651073932648
0.15473726391792297
0.1276700347661972
0.09569880366325378
0.0986693874001503
0.06248503550887108
0.17565575242042542
0.1525680273771286
0.10268879681825638
0.03214552253484726
0.09947779029607773
0.1650371253490448
0.09878590703010559
0.10489814728498459
0.06153036281466484
0.11500078439712524
0.06336551904678345
0.16909152269363403
0.0903913751244545
0.04769514873623848
0.1260162740945816
0.0829148218035698
0.1980949342250824
0.10376989841461182
0.03913901373744011
0.16495531797409058
0.08387374877929688
0.07041608542203903
0.1285812109708786
0.030841749161481857
0.09177355468273163
0.15264292061328888
0.07849141955375671
0.09943769872188568
0.06023145467042923
0.12792091071605682
0.09278655797243118
0.10146845132112503
0.1357312947511673
0.1399858593940735
0.07073764503002167
0.11740142107009888
0.11239465326070786
0.16988208889961243
0.15587130188941956
0.10702789574861526
0.08793998509645462
0.060679368674755096
0.09455263614654541
0.10523401200771332
0.20587550103664398
0.13531717658042908
0.10512089729309082
0.08853736519813538
0.06358564645051956
0.03458128869533539
0.09254345297813416
0.0671059787273407
0.14221233129501343
0.09306491166353226
0.048547688871622086
0.07094597816467285
0.07237216085195541
0.0675918310880661
0.12797755002975464
0.07052456587553024
0.13681796193122864
0.09134768694639206
0.1161658763885498
0.1383294314146042
0.0966428890824318
0.15669219195842743
0.06970060616731644
0.0924055278301239
0.09861752390861511
0.08248654007911682
0.07936105877161026
0.13490544259548187
0.08500323444604874
0.11780108511447906
0.19777172803878784
0.09454620629549026
0.0642169862985611
0.1869160681962967
0.20274151861667633
0.14198879897594452
0.04085291549563408
0.0567387193441391
0.16012588143348694
0.1818879246711731
0.2179262489080429
0.12540611624717712
0.11342333257198334
0.09601196646690369
0.07253219932317734
0.08361577987670898
0.1699283868074417
0.12892529368400574
0.14543423056602478
0.1323147416114807
0.1929606944322586
0.1483035832643509
0.08262637257575989
0.12668120861053467
0.0945783331990242
0.20228342711925507
0.09084927290678024
0.1901029646396637
0.04487888887524605
0.056979574263095856
0.10426893830299377
0.11812744289636612
0.08356495201587677
0.06352251023054123
0.09072940796613693
0.14613644778728485
0.17532385885715485
0.12331762909889221
0.046728767454624176
0.05066342651844025
0.15054480731487274
0.1308361440896988
0.17652596533298492
0.15694789588451385
0.11926180124282837
0.11529774963855743
0.04703152924776077
0.08634711802005768
0.0835597962141037
0.16138955950737
0.07480579614639282
0.08934307843446732
0.10284091532230377
0.10006174445152283
0.11584916710853577
0.09374865144491196
0.19444577395915985
0.0775689035654068
0.11991008371114731
0.03649220988154411
0.1746198832988739
0.0859793946146965
0.15028096735477448
0.06155804172158241
0.09912454336881638
0.10036108642816544
0.07913099229335785
0.1254187375307083
0.027270490303635597
0.21994993090629578
0.0997832864522934
0.06630101799964905
0.1341359168291092
0.09200859814882278
0.11808662861585617
0.06901771575212479
0.19457001984119415
0.07361510396003723
0.123392254114151
0.08523613959550858
0.043771933764219284
0.08995277434587479
0.05449970066547394
0.06695149093866348
0.05721691995859146
0.08297046273946762
0.11794838309288025
0.08322316408157349
0.06802187860012054
0.07904646545648575
0.07413439452648163
0.1092214584350586
0.10285818576812744
0.049097057431936264
0.14062924683094025
0.0987635999917984
0.06442483514547348
0.12850436568260193
0.056513022631406784
0.07647616416215897
0.07967270910739899
0.013521839864552021
0.12833239138126373
0.035382431000471115
0.03346051275730133
0.029998570680618286
0.13844643533229828
0.0364164300262928
0.09968902170658112
0.1201249361038208
0.06787508726119995
0.1221965104341507
0.11373575776815414
1.7693185806274414

