0.529003614580936
0.23741407616233284
0.16132175405403937
0.12282653699300929
0.09271702430454422
0.0777818015181269
0.05946699112113989
0.04556240635330058
0.02665322186790449
0.030261080603271363
0.02105171046597124
0.021708263521015233
0.012990284909971127
0.012422012958185487
0.03364950664515411
0.007693712143918674
0.007199007677606708
0.022310879864107847
0.020062127271640664
0.03058816013497728
0.005586687778573337
0.010454424219605326
0.0022943502344477647
0.0018448153070742344
0.0016424331320556782
0.010517199353320062
0.007523750422933517
0.0033368912614626174
0.0196141818406142
0.016070625533839946
0.005129973539412317
0.00203894856712788
0.0019280836689393834
0.032525598212755955
0.01022662664738825
0.0017109764914948755
0.002229071378601268
0.018440057179821615
0.002087839002601041
0.0050455128568232385
0.000958682656093143
0.0012567701738584508
0.008275587665810814
0.014398862102511472
0.001791820716122898
0.0011396787924437294
0.0019163957388896465
0.0006799908514510248
0.0005637536339794348
0.006349248610774794
