474.4757959842682
493.3685312271118
492.4968340396881
493.5281572341919
495.44069027900696
489.8500008583069
491.3821837902069
492.30299830436707
492.3219621181488
489.794588804245
487.1804132461548
484.3927824497223
493.7232542037964
492.2176101207733
489.8340513706207
489.96369218826294
497.1681344509125
497.0089099407196
490.24396896362305
492.4700217247009
489.64088320732117
492.6663398742676
499.0977349281311
492.39743423461914
491.6391725540161
494.67173743247986
496.17486119270325
496.1951880455017
496.73446226119995
495.3981611728668
496.045832157135
494.4574990272522
492.2240126132965
495.78445744514465
493.2846670150757
497.8437349796295
499.97915840148926
492.5188019275665
487.57167315483093
492.99679160118103
491.3463339805603
493.31517028808594
493.92685317993164
493.8636727333069
494.47988510131836
499.9930112361908
494.91253662109375
490.83441615104675
491.42361974716187
490.603093624115
