2.356679916381836
2.3205411434173584
2.2199366092681885
2.167221784591675
2.0297045707702637
1.9234075546264648
1.8277186155319214
1.8554896116256714
1.8088393211364746
1.7376395463943481
1.7894561290740967
1.8318525552749634
1.79264497756958
1.6616708040237427
1.510933756828308
1.5538160800933838
1.384968638420105
1.460326075553894
1.407301902770996
1.3218470811843872
1.3882365226745605
1.2496522665023804
1.2317793369293213
1.1678287982940674
1.2315306663513184
1.209878921508789
1.1868538856506348
1.2593492269515991
1.1189391613006592
1.0404936075210571
1.039402723312378
1.096563696861267
0.8982936143875122
1.0319457054138184
0.9631949067115784
1.0391310453414917
0.893335223197937
0.8397302627563477
1.085837721824646
0.7220638394355774
0.8680328726768494
1.0566561222076416
0.9094191193580627
1.0142537355422974
0.8968631625175476
0.8658420443534851
0.8463844656944275
0.8804534077644348
0.9568568468093872
0.8461048007011414
0.8391387462615967
0.943755030632019
0.9233347773551941
0.9329861998558044
0.9275240898132324
0.7873662114143372
0.8714721202850342
0.9207730293273926
0.9007654786109924
0.8901118636131287
0.8584591746330261
0.9231106638908386
0.8108563423156738
0.6938217878341675
0.8389025926589966
0.7065521478652954
0.7871174812316895
0.759435772895813
0.8753898739814758
0.8615559935569763
0.791225790977478
0.6623542308807373
0.7906490564346313
0.7655417323112488
0.7519274950027466
0.6027960777282715
0.7275026440620422
0.6886577010154724
0.9037504196166992
0.6579549312591553
1.0025564432144165
0.8507485389709473
0.9741736054420471
0.7860064506530762
0.9869468212127686
0.8210374116897583
0.761012852191925
0.8033523559570312
0.8153073191642761
0.6010283827781677
0.9144654273986816
0.8376513123512268
0.7077168822288513
0.7390284538269043
1.0072661638259888
0.6787589192390442
0.8327433466911316
0.8114882707595825
0.7165621519088745
0.8147444725036621
0.7572615146636963
0.747180700302124
0.7433720231056213
0.6936879754066467
0.8624340891838074
0.6117690205574036
0.6491819620132446
0.7425111532211304
0.8290318846702576
0.9508246183395386
0.6598474979400635
0.7856671214103699
0.9028038382530212
0.7415657639503479
0.6054419875144958
0.6173635721206665
0.7517574429512024
0.7718421220779419
0.7069646120071411
0.8402317762374878
0.6266124844551086
0.6707856059074402
0.716768205165863
0.667938232421875
0.6728509664535522
0.7152535319328308
0.6530502438545227
0.6599308252334595
0.6503235697746277
0.6210950016975403
0.7869470119476318
0.6993368864059448
0.6784353256225586
0.682974636554718
0.7137104868888855
0.6838203072547913
0.6500649452209473
0.6928371787071228
0.6284605860710144
0.6930257678031921
0.5729777216911316
0.7669066786766052
0.6026061177253723
0.73343425989151
0.610618531703949
0.8638998866081238
0.7601038813591003
0.6558079123497009
0.6135898232460022
0.5953091382980347
0.9011477828025818
0.8346013426780701
0.6331499814987183
0.7163138389587402
0.6417750716209412
0.6781132817268372
0.6550066471099854
0.5202920436859131
0.6633248329162598
0.8225894570350647
0.5890069007873535
0.5837644934654236
0.6607058644294739
0.7896769642829895
0.6046910285949707
0.6079915165901184
0.7239516377449036
0.5860450267791748
0.6012633442878723
0.522174060344696
0.6746414303779602
0.8060227632522583
0.558027446269989
0.5600600838661194
0.6121968030929565
0.6197742819786072
0.6182896494865417
0.641628623008728
0.6676083207130432
0.6913629174232483
0.6324727535247803
0.5330823659896851
0.46854841709136963
0.5835227966308594
0.5483418107032776
0.49751415848731995
0.6354742050170898
0.7431961894035339
0.7444078922271729
0.6255647540092468
0.5909557938575745
0.46512115001678467
0.675685703754425
0.49381688237190247
0.5504642128944397
0.6148151159286499
0.6067185401916504
0.6763191819190979
0.7160518765449524
0.5213419795036316
0.591215968132019
0.5426321625709534
0.586942195892334
0.5066789984703064
0.5902490019798279
0.7197278738021851
0.4234811067581177
0.46165505051612854
0.7090978622436523
0.5527245402336121
0.47033143043518066
0.5488410592079163
0.5587863922119141
0.7058279514312744
0.433504194021225
0.5955614447593689
0.5603886842727661
0.4706399440765381
0.46606871485710144
0.5455657243728638
0.6033728122711182
0.6099370121955872
0.6661030054092407
0.39026930928230286
0.6610368490219116
0.6287091970443726
0.6683913469314575
0.5993773341178894
0.480957567691803
0.5646736025810242
0.5283967852592468
0.5948646664619446
0.42418593168258667
0.457058310508728
0.6265519261360168
0.5754817724227905
0.5195424556732178
0.6431108713150024
0.5930910110473633
0.5071986317634583
0.579303503036499
0.7229301333427429
0.47451990842819214
0.6101891398429871
0.49263620376586914
0.47166022658348083
0.4898490309715271
0.6404837369918823
0.5182490348815918
0.5760000944137573
0.5765179395675659
0.737250566482544
0.5298605561256409
0.4968956410884857
0.4959533214569092
0.44773438572883606
0.36072662472724915
0.4359988868236542
0.5708168148994446
0.5041856169700623
0.45241355895996094
0.4453069269657135
0.512692391872406
0.452221155166626
0.6205271482467651
0.521414577960968
0.2730373740196228
0.5548955798149109
0.3479071259498596
0.383697509765625
0.37717556953430176
0.5183220505714417
0.469657301902771
0.35010913014411926
0.5727900266647339
0.5514203310012817
0.516215443611145
0.4693978428840637
0.4386802911758423
0.4903823435306549
0.49245214462280273
0.4033932089805603
0.7013195157051086
0.5717686414718628
0.5231602787971497
0.5010796189308167
0.5029534697532654
0.6057737469673157
0.4144171178340912
0.44548600912094116
0.5253031849861145
0.4864653944969177
0.4017830193042755
0.4113956689834595
0.4227354824542999
0.5477586984634399
0.4417681396007538
0.4087328314781189
0.6910605430603027
0.47002172470092773
0.37626147270202637
0.5416470766067505
0.4806116223335266
0.6368246674537659
0.4088304340839386
0.44413551688194275
0.4640422463417053
0.46627360582351685
0.4551345109939575
0.5577452182769775
0.5046311616897583
0.7106265425682068
0.4256250858306885
0.5037309527397156
0.4933246672153473
0.44333505630493164
0.6855737566947937
0.5068752765655518
0.49870118498802185
0.4583260416984558
0.5832741260528564
0.45322272181510925
0.634562611579895
0.549379825592041
0.6087816953659058
0.558937668800354
0.504948616027832
0.543759286403656
0.5073298215866089
0.5190526247024536
0.44472190737724304
0.44452956318855286
0.397372305393219
0.5430675148963928
0.4272099435329437
0.478864461183548
0.4420239329338074
0.5220775008201599
0.3909275233745575
0.41468262672424316
0.4359546899795532
0.4824945628643036
0.2908298671245575
0.4408096373081207
0.3973288834095001
0.48198941349983215
0.5286336541175842
0.4353492856025696
0.5703138113021851
0.3850977420806885
0.38709574937820435
0.4255533218383789
0.4188023507595062
0.410541832447052
0.40550726652145386
0.4339996874332428
0.4290955066680908
0.5818387866020203
0.5876085162162781
0.37939947843551636
0.4394441246986389
0.39788147807121277
0.4955659508705139
0.406210333108902
0.48440542817115784
0.49059832096099854
0.449745237827301
0.6083586812019348
0.369130939245224
0.41567933559417725
0.41240882873535156
0.3974713981151581
0.5731965899467468
0.37639984488487244
0.32786673307418823
0.35967934131622314
0.39834916591644287
0.31844639778137207
0.2654508352279663
0.4992251992225647
0.4366372525691986
0.3868752121925354
0.41332507133483887
0.4259297847747803
0.4752424359321594
0.31505849957466125
0.3695356249809265
0.2996041178703308
0.36878499388694763
0.5361201167106628
0.43304598331451416
0.4096464514732361
0.37963762879371643
0.6361101269721985
0.37308380007743835
0.35316428542137146
0.34024709463119507
0.566727876663208
0.39576271176338196
0.43306249380111694
0.28507813811302185
0.3527083992958069
0.362321674823761
0.4811795651912689
0.2879873216152191
0.37881651520729065
0.47191616892814636
0.4924066960811615
0.4210130274295807
0.4083489179611206
0.4940076172351837
0.5877093076705933
0.4168016016483307
0.37786874175071716
0.3886529505252838
0.5007451176643372
0.5549529194831848
0.49559301137924194
0.44445642828941345
0.43434959650039673
0.45074036717414856
0.5184310674667358
0.4312891364097595
0.31017303466796875
0.33480632305145264
0.459840327501297
0.41973555088043213
0.5189349055290222
0.465143084526062
0.5104786157608032
0.49181315302848816
0.4390808343887329
0.36669281125068665
0.39326566457748413
0.29647737741470337
0.43544960021972656
0.44609522819519043
0.37565284967422485
0.3166879415512085
0.34424784779548645
0.47478175163269043
0.3473972976207733
0.3949265480041504
0.38266754150390625
0.45588257908821106
0.4041738510131836
0.40374556183815
0.49524804949760437
0.3443026840686798
0.49013733863830566
0.4325997531414032
0.3967991769313812
0.555360734462738
0.5164762139320374
0.3456427752971649
0.48607927560806274
0.4263918399810791
0.4165116846561432
0.35223114490509033
0.48062729835510254
0.48818475008010864
0.3961047828197479
0.3309119641780853
0.38050147891044617
0.4236402213573456
0.5250617861747742
0.6750388145446777
0.4104677140712738
0.4784407317638397
0.36936479806900024
0.4320061206817627
0.4624185562133789
0.38263463973999023
0.4972555637359619
0.4202575981616974
0.3903249204158783
0.5980395674705505
0.43321138620376587
0.3775199055671692
0.4896007776260376
0.48461204767227173
0.32802557945251465
0.4108164310455322
0.3923104703426361
0.3616785705089569
0.260601282119751
0.38701391220092773
0.3693195879459381
0.3257293403148651
0.44879063963890076
0.5347073674201965
0.4141187071800232
0.26681286096572876
0.4292859137058258
0.5081821084022522
0.41251134872436523
0.31440624594688416
0.38908907771110535
0.5619429349899292
0.38801831007003784
0.5013805627822876
0.349405437707901
0.47362127900123596
0.320800244808197
0.4256753623485565
0.5100018382072449
0.3312908709049225
0.33274969458580017
0.44270819425582886
0.4210577607154846
0.2951347827911377
0.36311212182044983
0.3472387492656708
0.33042076230049133
0.44921875
0.40884149074554443
0.3749035596847534
0.38388147950172424
0.4140438139438629
0.44714245200157166
0.5094445943832397
0.3804832696914673
0.4459480047225952
0.48993366956710815
0.35065099596977234
0.3578658401966095
0.4250664710998535
0.37479856610298157
0.32506147027015686
0.39474499225616455
0.38466811180114746
0.46409478783607483
0.2861461043357849
0.42043909430503845
0.386255145072937
0.3426974415779114
0.33554068207740784
0.3489078879356384
0.4118119776248932
0.32531002163887024
0.31360048055648804
0.37055784463882446
0.30430740118026733
0.38023048639297485
0.39325255155563354
0.3676447570323944
0.3311164379119873
0.3383972644805908
0.4238656163215637
0.38983163237571716
0.4043923318386078
0.27519112825393677
0.46244972944259644
0.3674808740615845
0.4202133119106293
0.34618738293647766
0.2608124613761902
0.34833449125289917
0.4905379116535187
0.4593701660633087
0.4244146943092346
0.32873886823654175
0.3983406722545624
0.28665870428085327
0.36720311641693115
0.35240721702575684
0.31484708189964294
0.3244052827358246
0.30881160497665405
0.23590373992919922
0.42639291286468506
0.2830868661403656
0.30382785201072693
0.39339780807495117
0.3639396131038666
0.4247947931289673
0.35846880078315735
0.4534943103790283
0.2804770767688751
0.2934897243976593
0.43868309259414673
0.296506404876709
0.43003812432289124
0.3608098328113556
0.38585492968559265
0.3162429928779602
0.3352220356464386
0.3554936647415161
0.2986595332622528
0.4201168119907379
0.42410722374916077
0.24000009894371033
0.344306081533432
0.36600756645202637
0.35004711151123047
0.43974241614341736
0.3409173786640167
0.3674251437187195
0.29893386363983154
0.4674575924873352
0.1973482072353363
0.45768383145332336
0.3774806559085846
0.393166720867157
0.29555821418762207
0.3336305022239685
0.4048202335834503
0.45498111844062805
0.2946568727493286
0.45575785636901855
0.3162699341773987
0.40389546751976013
0.3630431592464447
0.3024895191192627
0.22174076735973358
0.42850959300994873
0.25895074009895325
0.4071231782436371
0.2716328203678131
0.5021006464958191
0.3322770595550537
0.33026596903800964
0.3376854658126831
0.36673539876937866
0.22271180152893066
0.49082329869270325
0.34878233075141907
0.2694070041179657
0.25951218605041504
0.37799715995788574
0.39133700728416443
0.41601523756980896
0.2635883390903473
0.43991485238075256
0.42417579889297485
0.5327303409576416
0.41786202788352966
0.3759317100048065
0.37348484992980957
0.27520912885665894
0.3335456848144531
0.2630351185798645
0.3863542377948761
0.39043015241622925
0.36079248785972595
0.5240240693092346
0.3480558395385742
0.4720008969306946
0.41421374678611755
0.31502729654312134
0.338676393032074
0.46153008937835693
0.21535199880599976
0.3076152801513672
0.3215646743774414
0.3565169870853424
0.4382767677307129
0.3896598219871521
0.4262096583843231
0.4538182318210602
0.4798654615879059
0.33123043179512024
0.2631329894065857
0.2743871510028839
0.27587220072746277
0.37406453490257263
0.3324969708919525
0.364388644695282
0.3660756051540375
0.40178337693214417
0.371469110250473
0.4328629672527313
0.2586514353752136
0.27817192673683167
0.3410084545612335
0.2573911249637604
0.38608473539352417
0.474985271692276
0.27458539605140686
0.31139498949050903
0.30162620544433594
0.31314679980278015
0.3574714958667755
0.28714263439178467
0.41608527302742004
0.4017941653728485
0.3755298852920532
0.4051274359226227
0.31872183084487915
0.270499587059021
0.34299859404563904
0.30672916769981384
0.41366130113601685
0.44138166308403015
0.32051244378089905
0.29191139340400696
0.16521775722503662
0.4135226011276245
0.28194284439086914
0.3274572491645813
0.18292969465255737
0.4172705113887787
0.2725508511066437
0.5934657454490662

0.28915494680404663
0.24092203378677368
0.5495318174362183
0.42024606466293335
0.22656948864459991
0.2599032521247864
0.23526032269001007
0.28489047288894653
0.3136877715587616
0.40172693133354187
0.270338773727417
0.33374086022377014
0.219882532954216
0.22496850788593292
0.24812597036361694
0.30960607528686523
0.3310290575027466
0.493163526058197
0.3288693428039551
0.3359244167804718
0.2463780641555786
0.28039076924324036
0.23855195939540863
0.415753573179245
0.33245164155960083
0.25331559777259827
0.25267454981803894
0.22767594456672668
0.22788222134113312
0.3572455048561096
0.16881921887397766
0.30835971236228943
0.2928396463394165
0.43875330686569214
0.4365384876728058
0.3835330009460449
0.44319701194763184
0.25355085730552673
0.3945528268814087
0.3179296553134918
0.3080347180366516
0.4687161445617676
0.34076184034347534
0.2854529619216919
0.33583173155784607
0.3767017722129822
0.23922030627727509
0.29499098658561707
0.245737224817276
0.2869425415992737
0.24746368825435638
0.17444609105587006
0.2887764871120453
0.3367208242416382
0.24315333366394043
0.20746052265167236
0.3444720208644867
0.36373427510261536
0.30885693430900574
0.2748541235923767
0.22207875549793243
0.39804404973983765
0.2321861833333969
0.16817812621593475
0.35298532247543335
0.31944218277931213
0.2804637849330902
0.26707133650779724
0.304031103849411
0.24166414141654968
0.1915266066789627
0.3868798315525055
0.22806212306022644
0.3597290813922882
0.26805686950683594
0.2680585980415344
0.30313190817832947
0.2961541712284088
0.33106914162635803
0.27836349606513977
0.2713946998119354
0.25557780265808105
0.2954704463481903
0.2683195173740387
0.26120859384536743
0.3207865357398987
0.23771332204341888
0.24677510559558868
0.25584676861763
0.21921205520629883
0.21829146146774292
0.29057684540748596
0.259423166513443
0.4032575786113739
0.25558221340179443
0.27624383568763733
0.1974145472049713
0.3024250268936157
0.24207325279712677
0.31057441234588623
0.3500726819038391
0.3053398132324219
0.3797937333583832
0.35863256454467773
0.2906101644039154
0.21211682260036469
0.2878803014755249
0.31498318910598755
0.19655361771583557
0.5034069418907166
0.3054659366607666
0.2769262492656708
0.24923698604106903
0.3289391100406647
0.2518969476222992
0.20919401943683624
0.46650081872940063
0.23569798469543457
0.19140294194221497
0.3313422203063965
0.2143723964691162
0.26243048906326294
0.16709084808826447
0.31121307611465454
0.4129982590675354
0.33691835403442383
0.24225659668445587
0.25876638293266296
0.33543065190315247
0.34706366062164307
0.2734071612358093
0.27237096428871155
0.39153748750686646
0.31599316000938416
0.28153905272483826
0.2790266275405884
0.24557599425315857
0.3749636709690094
0.34365642070770264
0.3572749197483063
0.2880762219429016
0.31576767563819885
0.2930071949958801
0.39737701416015625
0.31403475999832153
0.2613082230091095
0.27703607082366943
0.2829607427120209
0.30402934551239014
0.1875162124633789
0.25473421812057495
0.2589423358440399
0.30702880024909973
0.32088491320610046
0.17439955472946167
0.26192402839660645
0.3150983154773712
0.2959929406642914
0.27104535698890686
0.2973974645137787
0.27157559990882874
0.3189316987991333
0.31683632731437683
0.192307248711586
0.23097184300422668
0.35271674394607544
0.21362587809562683
0.2989102005958557
0.33556288480758667
0.26755595207214355
0.2757795751094818
0.2865696847438812
0.34914499521255493
0.2400985062122345
0.24890008568763733
0.33729758858680725
0.16481603682041168
0.19976644217967987
0.27471715211868286
0.39490365982055664
0.31313979625701904
0.3531254827976227
0.2855789363384247
0.15103960037231445
0.24741226434707642
0.24154147505760193
0.21818123757839203
0.27820104360580444
0.22884483635425568
0.35174989700317383
0.22860802710056305
0.3288550078868866
0.2698080539703369
0.32381781935691833
0.294002890586853
0.29286155104637146
0.322279155254364
0.36663493514060974
0.22059035301208496
0.2555978298187256
0.3564413785934448
0.43494680523872375
0.31290629506111145
0.1966210901737213
0.24674855172634125
0.28289517760276794
0.2693692445755005
0.24659083783626556
0.3245304822921753
0.20769387483596802
0.25018060207366943
0.21448583900928497
0.31355470418930054
0.265654593706131
0.2986901104450226
0.22980834543704987
0.32980436086654663
0.16764354705810547
0.29119011759757996
0.254357248544693
0.28044256567955017
0.2235925942659378
0.15869460999965668
0.27778246998786926
0.250571608543396
0.24451257288455963
0.1181211769580841
0.2415609359741211
0.2889506220817566
0.2754807770252228
0.18621726334095
0.23959286510944366
0.22377200424671173
0.3746403455734253
0.27514320611953735
0.3145962953567505
0.26504600048065186
0.38870999217033386
0.30988559126853943
0.33013588190078735
0.2205931395292282
0.2512422800064087
0.2703464925289154
0.19464260339736938
0.2217092365026474
0.3456539213657379
0.35525354743003845
0.22827564179897308
0.1844097375869751
0.2259424775838852
0.2704981565475464
0.3005848824977875
0.3167892396450043
0.32492268085479736
0.29276877641677856
0.27204573154449463
0.2500062882900238
0.2825707793235779
0.29428309202194214
0.28724145889282227
0.33109062910079956
0.3186681866645813
0.34185370802879333
0.20439797639846802
0.20040050148963928
0.20676466822624207
0.2176370769739151
0.28587019443511963
0.282301127910614
0.3168346583843231
0.28188416361808777
0.2371717244386673
0.41300803422927856
0.18411509692668915
0.32689112424850464
0.16418592631816864
0.2999972999095917
0.28132882714271545
0.21486744284629822
0.2291477918624878
0.2091914713382721
0.3144395649433136
0.26256901025772095
0.3788343071937561
0.25087064504623413
0.2934524118900299
0.20690152049064636
0.29310929775238037
0.32221749424934387
0.22446805238723755
0.2845537066459656
0.3485817611217499
0.26288020610809326
0.23209239542484283
0.37555426359176636
0.30107399821281433
0.15564312040805817
0.3234173357486725
0.1756422370672226
0.2557714581489563
0.22244685888290405
0.3357698917388916
0.20669925212860107
0.172968789935112
0.3200427293777466
0.2430259883403778
0.2833796441555023
0.22292962670326233
0.19119831919670105
0.18017417192459106
0.26758307218551636
0.2380523383617401
0.2854921817779541
0.34546777606010437
0.2555978298187256
0.21764492988586426
0.2785627543926239
0.30318647623062134
0.23003318905830383
0.30553239583969116
0.2080419510602951
0.1995258629322052
0.20612362027168274
0.14680784940719604
0.24333710968494415
0.31953588128089905
0.30133211612701416
0.2853318750858307
0.2364606261253357
0.18616360425949097
0.24907247722148895
0.13417264819145203
0.2785274386405945
0.24859854578971863
0.27420908212661743
0.4235515594482422
0.45388513803482056
0.30789604783058167
0.2605346739292145
0.22066563367843628
0.26163676381111145
0.22284036874771118
0.1883464902639389
0.17565977573394775
0.1816539615392685
0.20564821362495422
0.2709416449069977
0.2536200284957886
0.276584655046463
0.2574913203716278
0.30334243178367615
0.17361027002334595
0.22819364070892334
0.351791650056839
0.26033246517181396
0.2446262389421463
0.241295725107193
0.21915248036384583
0.31778615713119507
0.16360729932785034
0.14651547372341156
0.18775396049022675
0.2266758382320404
0.25181853771209717
0.23151303827762604
0.22394271194934845
0.4171011447906494
0.18669643998146057
0.2237575352191925
0.24911153316497803
0.20044252276420593
0.16882893443107605
0.306563138961792
0.21512432396411896
0.30939677357673645
0.2535814046859741
0.20271357893943787
0.1739363819360733
0.18584196269512177
0.28789281845092773
0.26661428809165955
0.14204129576683044
0.25631192326545715
0.20876234769821167
0.33746594190597534
0.31838861107826233
0.1496591866016388
0.2786661684513092
0.35414162278175354
0.22163163125514984
0.22474606335163116
0.2478657066822052
0.2431744486093521
0.300393670797348
0.22546227276325226
0.2472892701625824
0.2479042261838913
0.28562626242637634
0.3514293432235718
0.29010114073753357
0.2304869294166565
0.3408445417881012
0.275359570980072
0.35769638419151306
0.3021841049194336
0.2324264496564865
0.18872831761837006
0.18290318548679352
0.2524818778038025
0.26636525988578796
0.17732912302017212
0.2138337641954422
0.21915531158447266
0.2849942743778229
0.21960128843784332
0.16349373757839203
0.2825629413127899
0.25710001587867737
0.2519945800304413
0.24879276752471924
0.24814951419830322
0.16179147362709045
0.26224473118782043
0.2417505979537964
0.20827582478523254
0.19005540013313293
0.2993476390838623
0.20950943231582642
0.30172672867774963
0.2593230605125427
0.18814796209335327
0.31942054629325867
0.1192227154970169
0.24544943869113922
0.27843213081359863
0.3665516972541809
0.25441494584083557
0.24852629005908966
0.14832425117492676
0.26670995354652405
0.26245492696762085
0.32343804836273193
0.25375011563301086
0.21073295176029205
0.32013073563575745
0.22661042213439941
0.23378077149391174
0.195431649684906
0.18909117579460144
0.4498275816440582
0.19616568088531494
0.24946236610412598
0.22123415768146515
0.37848344445228577
0.29917097091674805
0.31968650221824646
0.3494398891925812
0.41537025570869446
0.31371408700942993
0.29485884308815
0.23489803075790405
0.25862106680870056
0.19163011014461517
0.22037942707538605
0.21766604483127594
0.23254361748695374
0.27419209480285645
0.19263221323490143
0.2483883649110794
0.15874141454696655
0.2806427478790283
0.18837198615074158
0.18360869586467743
0.2387598156929016
0.312924325466156
0.21264567971229553
0.24563178420066833
0.213732048869133
0.23285150527954102
0.18251550197601318
0.29106056690216064
0.3717396855354309
0.1781281977891922
0.2784332036972046
0.20267663896083832
0.18760088086128235
0.18100176751613617
0.30363228917121887
0.1456102728843689
0.16188408434391022
0.2360033541917801
0.23726356029510498
0.2849978506565094
0.22627103328704834
0.24843236804008484
0.2292080670595169
0.20765289664268494
0.29728245735168457
0.2725088894367218
0.3414425551891327
0.31041407585144043
0.13547009229660034
0.17105485498905182
0.23025614023208618
0.1990969181060791
0.16986455023288727
0.20681434869766235
0.15324333310127258
0.18354374170303345
0.26316535472869873
0.22948424518108368
0.26512137055397034
0.21810884773731232
0.24685947597026825
0.2771470546722412
0.20067979395389557
0.3070922791957855
0.20636910200119019
0.3120945692062378
0.27258551120758057
0.22810623049736023
0.3672165870666504
0.22097215056419373
0.20348015427589417
0.16930197179317474
0.29672712087631226
0.1429695188999176
0.21963238716125488
0.2771797776222229
0.2111583948135376
0.21598339080810547
0.1212594285607338
0.087279312312603
0.2661917805671692
0.2953483462333679
0.15042604506015778
0.20046667754650116
0.2939774990081787
0.16653555631637573
0.305244505405426
0.2545199394226074
0.22274614870548248
0.2044256031513214
0.2671434283256531
0.21950218081474304
0.16009220480918884
0.23846837878227234
0.1972121149301529
0.21690042316913605
0.14938315749168396
0.2801007330417633
0.34450262784957886
0.404516339302063
0.2506234049797058
0.1921992152929306
0.28888365626335144
0.3207318186759949
0.32918551564216614
0.33691930770874023
0.16619661450386047
0.24286480247974396
0.2306412309408188
0.22312384843826294
0.22519788146018982
0.1966468095779419
0.22321262955665588
0.2903229594230652
0.14423701167106628
0.20270536839962006
0.17134976387023926
0.18806031346321106
0.20903415977954865
0.227353036403656
0.2882382273674011
0.2260041981935501
0.20728477835655212
0.15542861819267273
0.13101010024547577
0.2677014172077179
0.19019369781017303
0.26950451731681824
0.2537744343280792
0.19642817974090576
0.19199147820472717
0.41167354583740234
0.2980404794216156
0.36391136050224304
0.3005288541316986
0.45029160380363464
0.27548274397850037
0.3632056415081024
0.29452529549598694
0.19283641874790192
0.221227765083313
0.2825865149497986
0.21736642718315125
0.18193593621253967
0.22102893888950348
0.2976735830307007
0.2917448878288269
0.21766337752342224
0.24915286898612976
0.21063083410263062
0.2073572725057602
0.20321424305438995
0.34456175565719604
0.3313238024711609
0.2033151239156723
0.12384972721338272
0.2834550142288208
0.2706665098667145
0.21319890022277832
0.2445724606513977
0.2919391691684723
0.34206730127334595
0.24833805859088898
0.24757564067840576
0.12609966099262238
0.28435903787612915
0.18730218708515167
0.30150720477104187
0.2938261330127716
0.1717498004436493
0.16642959415912628
0.2629251778125763
0.25725415349006653
0.3246898055076599
0.2312486618757248
0.22092771530151367
0.21540527045726776
0.19288261234760284
0.17260967195034027
0.16413769125938416
0.16055966913700104
0.33019301295280457
0.273693710565567
0.2959822714328766
0.21901355683803558
0.3301483690738678
0.1901400238275528
0.25748005509376526
0.25840088725090027
0.27739962935447693
0.3030930459499359
0.22222188115119934
0.4577188491821289
0.29261675477027893
0.27491775155067444
0.21234475076198578
0.17212113738059998
0.22550499439239502
0.2757984399795532
0.12034892290830612
0.19250641763210297
0.3104473352432251
0.2622981667518616
0.16788789629936218
0.3196336328983307
0.2933361232280731
0.24391700327396393
0.2669542133808136
0.4042094349861145
0.292593777179718
0.22482934594154358
0.22500574588775635
0.21007423102855682
0.19588162004947662
0.21500428020954132
0.17360875010490417
0.23511870205402374
0.2491213083267212
0.21296130120754242
0.27486923336982727
0.247158482670784
0.16117459535598755
0.16698570549488068
0.28725236654281616
0.22506043314933777
0.24183735251426697
0.2934902310371399
0.1922072470188141
0.2743588387966156
0.09927987307310104
0.20498014986515045
0.2627194821834564
0.14882495999336243
0.34560272097587585
0.1865883767604828
0.1925986111164093
0.1488032042980194
0.2154073566198349
0.23916876316070557
0.23145076632499695
0.18416929244995117
0.3139701783657074
0.22851066291332245
0.2536621391773224
0.2987963855266571
0.22048723697662354
0.20809610188007355
0.2038346827030182
0.18204937875270844
0.1882058084011078
0.3172321021556854

0.2523525357246399
0.1650782972574234
0.16246072947978973
0.2912134528160095
0.1708318591117859
0.1774200052022934
0.19655512273311615
0.09178879857063293
0.26673591136932373
0.14638960361480713
0.23166000843048096
0.108134925365448
0.2879197299480438
0.19857431948184967
0.14437881112098694
0.20492714643478394
0.15126371383666992
0.3126846253871918
0.17584295570850372
0.23375995457172394
0.22674144804477692
0.2054322063922882
0.3024979829788208
0.15710514783859253
0.13237939774990082
0.1931317150592804
0.3047729432582855
0.15578430891036987
0.2225557118654251
0.32838213443756104
0.11871858686208725
0.11776182055473328
0.21955952048301697
0.2108110636472702
0.3161136507987976
0.13585706055164337
0.2654995918273926
0.3009744882583618
0.24411015212535858
0.17875079810619354
0.20995815098285675
0.16836577653884888
0.2590057849884033
0.17238818109035492
0.18673190474510193
0.2725335955619812
0.20085053145885468
0.14652781188488007
0.1429114043712616
0.20752418041229248
0.12806336581707
0.23145020008087158
0.2235703468322754
0.2986072301864624
0.15002159774303436
0.24501965939998627
0.1832362413406372
0.12283800542354584
0.18469983339309692
0.19917243719100952
0.15552140772342682
0.14431419968605042
0.17899644374847412
0.24179227650165558
0.27651652693748474
0.1495296210050583
0.2718760669231415
0.16284646093845367
0.10746598988771439
0.13573573529720306
0.1641111671924591
0.12461267411708832
0.1348002701997757
0.17849910259246826
0.17439724504947662
0.1972881257534027
0.1528245061635971
0.18402613699436188
0.1845739334821701
0.21876786649227142
0.24418073892593384
0.2301201969385147
0.07706557214260101
0.12039970606565475
0.31307104229927063
0.16849859058856964
0.30234572291374207
0.17674358189105988
0.23101314902305603
0.15003620088100433
0.2032923400402069
0.23110683262348175
0.17758634686470032
0.19404463469982147
0.18938525021076202
0.16627606749534607
0.15321072936058044
0.22408172488212585
0.20921795070171356
0.14811939001083374
0.12912745773792267
0.20829060673713684
0.17519037425518036
0.28013482689857483
0.14125682413578033
0.1431480497121811
0.23528359830379486
0.16413310170173645
0.20402926206588745
0.17031171917915344
0.1817711442708969
0.12927360832691193
0.1761467307806015
0.155276358127594
0.147440105676651
0.10936702787876129
0.1217024177312851
0.16078636050224304
0.2210378348827362
0.13747289776802063
0.12380389869213104
0.08753980696201324
0.16568493843078613
0.2732485234737396
0.10809329152107239
0.17359164357185364
0.20370100438594818
0.15146450698375702
0.2060016244649887
0.3031754791736603
0.07665055245161057
0.1538548469543457
0.116061270236969
0.18373596668243408
0.07979928702116013
0.1425468623638153
0.22968433797359467
0.2696192264556885
0.182738795876503
0.2184213250875473
0.15789631009101868
0.1560894250869751
0.08896031975746155
0.17815633118152618
0.1956215649843216
0.24427373707294464
0.20403088629245758
0.17262153327465057
0.1977965086698532
0.18336409330368042
0.1410648375749588
0.23321783542633057
0.19249483942985535
0.10250035673379898
0.1919902116060257
0.214910626411438
0.22619232535362244
0.2183055877685547
0.13646167516708374
0.13208191096782684
0.09994880855083466
0.1878592073917389
0.23517532646656036
0.1960970014333725
0.1558719277381897
0.17202860116958618
0.26956644654273987
0.17129945755004883
0.15657474100589752
0.20274436473846436
0.1474401354789734
0.24228473007678986
0.1875211000442505
0.10809753835201263
0.19658847153186798
0.16724245250225067
0.1542602926492691
0.13171224296092987
0.1426698863506317
0.20918209850788116
0.1532452553510666
0.22315099835395813
0.17804259061813354
0.17726683616638184
0.15282773971557617
0.2053966373205185
0.21339890360832214
0.24037456512451172
0.18785934150218964
0.17352943122386932
0.15950758755207062
0.12349648773670197
0.15681463479995728
0.2603476941585541
0.1002703309059143
0.1246049553155899
0.14790651202201843
0.14279130101203918
0.12032224982976913
0.14717711508274078
0.1695391833782196
0.18815714120864868
0.1539195030927658
0.20161879062652588
0.1502811163663864
0.35309943556785583
0.1866578459739685
0.19056445360183716
0.2607410252094269
0.16628055274486542
0.17323437333106995
0.13516977429389954
0.22722873091697693
0.25901591777801514
0.1673739105463028
0.27011987566947937
0.324026882648468
0.15123635530471802
0.20332729816436768
0.13956382870674133
0.1744978278875351
0.16097794473171234
0.22720426321029663
0.14472828805446625
0.14514443278312683
0.0900878757238388
0.20164932310581207
0.13853438198566437
0.20819661021232605
0.32865408062934875
0.1282590627670288
0.11664128303527832
0.1439763605594635
0.14367319643497467
0.17967933416366577
0.18062615394592285
0.10423803329467773
0.16808255016803741
0.17161981761455536
0.16020750999450684
0.09964930266141891
0.1361013799905777
0.21632064878940582
0.10682620108127594
0.20826441049575806
0.1428968757390976
0.19603554904460907
0.15100397169589996
0.19618304073810577
0.13250169157981873
0.18123163282871246
0.28091421723365784
0.18194402754306793
0.22882185876369476
0.22103334963321686
0.20099912583827972
0.09039711952209473
0.12520316243171692
0.07841233909130096
0.1931605041027069
0.17743057012557983
0.09285736829042435
0.12041126191616058
0.14162993431091309
0.23842014372348785
0.23191624879837036
0.24055026471614838
0.1461249738931656
0.19590309262275696
0.06295718252658844
0.13161377608776093
0.22614042460918427
0.13108281791210175
0.19045574963092804
0.3021480441093445
0.2009323090314865
0.2801138162612915
0.24126236140727997
0.14133507013320923
0.15624980628490448
0.2565552890300751
0.24312420189380646
0.17359183728694916
0.18937279284000397
0.06977922469377518
0.20705567300319672
0.06771337985992432
0.10787129402160645
0.13822105526924133
0.1379680186510086
0.18972396850585938
0.15256935358047485
0.2241770625114441
0.2586958110332489
0.23271940648555756
0.2665112316608429
0.13528425991535187
0.22297482192516327
0.191548690199852
0.10026577860116959
0.15229636430740356
0.20650316774845123
0.20563927292823792
0.19382701814174652
0.14402027428150177
0.16320189833641052
0.14647941291332245
0.10582134872674942
0.22695045173168182
0.21886473894119263
0.19990195333957672
0.1713659167289734
0.17105348408222198
0.21758663654327393
0.1709720641374588
0.13586841523647308
0.19931775331497192
0.21336914598941803
0.1559285819530487
0.18092919886112213
0.2718380093574524
0.20670300722122192
0.26346102356910706
0.12239740788936615
0.13842162489891052
0.19590787589550018
0.17670096457004547
0.21385598182678223
0.34015801548957825
0.24598371982574463
0.27111080288887024
0.1730201542377472
0.22799305617809296
0.28399422764778137
0.3098107874393463
0.18111993372440338
0.17464374005794525
0.21533113718032837
0.32073691487312317
0.24154815077781677
0.15235599875450134
0.20263902842998505
0.23793552815914154
0.2068013995885849
0.11333711445331573
0.2186417430639267
0.2721436023712158
0.18232887983322144
0.22140447795391083
0.1165204718708992
0.12153821438550949
0.11559703946113586
0.14249515533447266
0.2295059859752655
0.14016872644424438
0.23808112740516663
0.2708145081996918
0.21937870979309082
0.16107681393623352
0.14822272956371307
0.15694241225719452
0.28192681074142456
0.1328708380460739
0.2344493865966797
0.17189398407936096
0.10702946037054062
0.23610442876815796
0.09228256344795227
0.20978675782680511
0.1300961673259735
0.16762728989124298
0.23694638907909393
0.3076246380805969
0.26951780915260315
0.1240716427564621
0.135416179895401
0.19903074204921722
0.16398529708385468
0.2266584038734436
0.1703285574913025
0.20599396526813507
0.206180140376091
0.23958487808704376
0.2605837881565094
0.2739439010620117
0.20315413177013397
0.18053622543811798
0.18195118010044098
0.12176746875047684
0.16908180713653564
0.1643095761537552
0.23870493471622467
0.18767978250980377
0.15048567950725555
0.10944266617298126
0.1569301187992096
0.13182306289672852
0.1977616548538208
0.23684585094451904
0.18594181537628174
0.20926500856876373
0.12817929685115814
0.2066114991903305
0.10379954427480698
0.17128320038318634
0.10905637592077255
0.08468665927648544
0.15060491859912872
0.18266023695468903
0.14501073956489563
0.11922980844974518
0.11688929051160812
0.14181901514530182
0.08155400305986404
0.08166045695543289
0.17859530448913574
0.23026350140571594
0.12057503312826157
0.20768024027347565
0.11483728140592575
0.19661612808704376
0.11888115853071213
0.1350233405828476
0.15880219638347626
0.18719619512557983
0.14700503647327423
0.13936613500118256
0.1386791616678238
0.11290950328111649
0.1427019089460373
0.1841801404953003
0.19866149127483368
0.20792321860790253
0.0923231989145279
0.21497966349124908
0.23005084693431854
0.10634934902191162
0.1428663283586502
0.1646692305803299
0.11336342990398407
0.2158796191215515
0.21934804320335388
0.16478227078914642
0.18313606083393097
0.15125268697738647
0.25332194566726685
0.14616520702838898
0.13690127432346344
0.10512403398752213
0.25687897205352783
0.20947273075580597
0.14299920201301575
0.08890904486179352
0.12886568903923035
0.14577950537204742
0.16245807707309723
0.2230759561061859
0.1688283383846283
0.17938417196273804
0.08269943296909332
0.09361548721790314
0.22037510573863983
0.13334181904792786
0.18867909908294678
0.16850218176841736
0.14847613871097565
0.14774401485919952
0.17850151658058167
0.19853581488132477
0.12598560750484467
0.260395348072052
0.14748702943325043
0.15488724410533905
0.1620786339044571
0.20402421057224274
0.28606781363487244
0.22170810401439667
0.14123870432376862
0.14497168362140656
0.09837860614061356
0.22456632554531097
0.2385205328464508
0.1698298454284668
0.12782594561576843
0.14943261444568634
0.20809634029865265
0.12895838916301727
0.1644645631313324
0.10945750772953033
0.10867704451084137
0.12102355062961578
0.10053707659244537
0.1940069943666458
0.199860081076622
0.18704965710639954
0.24043749272823334
0.20224379003047943
0.15646685659885406
0.1880853772163391
0.1598004847764969
0.21788400411605835
0.19531004130840302
0.33087077736854553
0.14791226387023926
0.20848026871681213
0.17483997344970703
0.2175525277853012
0.13379868865013123
0.0939398780465126
0.1339620053768158
0.2433248609304428
0.10368447750806808
0.11059071868658066
0.1007862389087677
0.2543316185474396
0.18123112618923187
0.22821618616580963
0.13695107400417328
0.17398875951766968
0.24147911369800568
0.10407450795173645
0.0968550518155098
0.16135559976100922
0.21825438737869263
0.1104392558336258
0.24510401487350464
0.2011091709136963
0.18552634119987488
0.0998711884021759
0.24402998387813568
0.16060306131839752
0.1330227106809616
0.17686711251735687
0.1115841194987297
0.2775057852268219
0.2885899543762207
0.12916520237922668
0.1590856909751892
0.10579816997051239
0.18896108865737915
0.12294140458106995
0.15281981229782104
0.17987050116062164
0.23070581257343292
0.06933872401714325
0.1603364497423172
0.14349500834941864
0.16910004615783691
0.17467816174030304
0.22192345559597015
0.11409515887498856
0.22425733506679535
0.12501826882362366
0.11223439127206802
0.1450396478176117
0.15731340646743774
0.10784606635570526
0.22172361612319946
0.08509782701730728
0.17349915206432343
0.1326119303703308
0.15637297928333282
0.16423462331295013
0.07878696918487549
0.18387079238891602
0.22636082768440247
0.16840822994709015
0.1535833477973938
0.1910504847764969
0.0995556190609932
0.19771796464920044
0.11297640949487686
0.17393594980239868
0.1561131775379181
0.2122192233800888
0.15044113993644714
0.17275719344615936
0.24447673559188843
0.19013628363609314
0.14794720709323883
0.12420385330915451
0.1045139878988266
0.09650062769651413
0.17182913422584534
0.09715743362903595
0.14779070019721985
0.09656701236963272
0.05860964208841324
0.1574026346206665
0.19021685421466827
0.11434246599674225
0.27527010440826416
0.1338709145784378
0.1312665194272995
0.16031472384929657
0.18766701221466064
0.17684143781661987
0.12459167838096619
0.12740394473075867
0.16252033412456512
0.11969684064388275
0.11515474319458008
0.1506032645702362
0.11962063610553741
0.19331657886505127
0.1046580895781517
0.3896104097366333
0.17717453837394714
0.17002518475055695
0.24065685272216797
0.23497211933135986
0.30320116877555847
0.15170928835868835
0.17505288124084473
0.17906206846237183
0.20472435653209686
0.16027311980724335
0.2334366887807846
0.09952101856470108
0.14432047307491302
0.12907779216766357
0.1653028130531311
0.33454009890556335
0.22737818956375122
0.17817004024982452
0.23513402044773102
0.18663136661052704
0.18988239765167236
0.0893683210015297
0.18218344449996948
0.22215665876865387
0.09949348866939545
0.08387229591608047
0.24387982487678528
0.12313882261514664
0.1901358962059021
0.09612588584423065
0.10485156625509262
0.1429918259382248
0.11888127028942108
0.1483129858970642
0.19696302711963654
0.16020819544792175
0.15467336773872375
0.24217505753040314
0.14531615376472473
0.13137204945087433
0.17793042957782745
0.20785632729530334
0.1574593037366867
0.16029474139213562
0.1608518809080124
0.041088301688432693
0.1274176836013794
0.15942110121250153
0.1977006494998932
0.14763595163822174
0.14880868792533875
0.23149771988391876
0.16091911494731903
0.19522103667259216
0.16504734754562378
0.26129910349845886
0.1207064688205719
0.22079384326934814
0.1546773910522461
0.11952023208141327
0.2515075206756592
0.11862482130527496
0.12047813087701797
0.16764099895954132
0.11954779177904129
0.19277788698673248
0.16123919188976288
0.14301326870918274
0.16699625551700592
0.21789395809173584
0.12633010745048523
0.10768060386180878
0.15883401036262512
0.10485973209142685
0.10709810256958008
0.08771486580371857
0.15331995487213135
0.1544702798128128
0.17624157667160034
0.17165090143680573
0.23738723993301392
0.11433154344558716
0.0959601104259491
0.12376733869314194
0.24448780715465546
0.15808932483196259
0.14689171314239502
0.17505106329917908
0.19812573492527008
0.12485510855913162
0.2085784524679184
0.10949362069368362
0.11377264559268951
0.16642405092716217
0.0855192318558693
0.24282954633235931
0.40597572922706604

0.1041918471455574
0.16725307703018188
0.1301829069852829
0.11071394383907318
0.04755421727895737
0.1491956263780594
0.07454068213701248
0.1357300877571106
0.23403070867061615
0.14366433024406433
0.07704916596412659
0.08874305337667465
0.09327802807092667
0.1456308811903
0.10910968482494354
0.06711181253194809
0.14713358879089355
0.21394063532352448
0.05051223188638687
0.10421334952116013
0.11001710593700409
0.14067770540714264
0.07529614120721817
0.1392960101366043
0.12569595873355865
0.07292776554822922
0.15638139843940735
0.1631392240524292
0.1056394875049591
0.0873701199889183
0.2618018090724945
0.1205654889345169
0.08377766609191895
0.0822540670633316
0.13994471728801727
0.1595456898212433
0.11941109597682953
0.14349080622196198
0.14539232850074768
0.1041421890258789
0.15653203427791595
0.18176275491714478
0.1294505000114441
0.21112178266048431
0.13602600991725922
0.07859714329242706
0.16686470806598663
0.10467401146888733
0.08292084187269211
0.1601525843143463
0.08975031971931458
0.10781797766685486
0.16602152585983276
0.145147904753685
0.09212853014469147
0.08495650440454483
0.07852529734373093
0.11625967174768448
0.172028586268425
0.09737303107976913
0.13233765959739685
0.0804567039012909
0.12329304218292236
0.06585536897182465
0.11064039915800095
0.09945382177829742
0.11439536511898041
0.1962946206331253
0.1611834615468979
0.19620773196220398
0.09991031885147095
0.1031826063990593
0.06769165396690369
0.05189606547355652
0.10929469764232635
0.18695169687271118
0.1801319271326065
0.13008004426956177
0.1379399299621582
0.1670006811618805
0.1689947098493576
0.12676356732845306
0.13058723509311676
0.14251311123371124
0.14320383965969086
0.25465142726898193
0.12589095532894135
0.19300326704978943
0.08055417984724045
0.14289166033267975
0.06359749287366867
0.15239466726779938
0.18778987228870392
0.09372638165950775
0.1803475171327591
0.11721012741327286
0.1656932681798935
0.0883847251534462
0.18894922733306885
0.1778806447982788
0.09835172444581985
0.16414907574653625
0.06840480118989944
0.0917825773358345
0.15236133337020874
0.1888311505317688
0.08350157737731934
0.09234333038330078
0.10827869176864624
0.1714596301317215
0.09892749041318893
0.12830930948257446
0.19696144759655
0.15185920894145966
0.08252773433923721
0.1516629159450531
0.1013636663556099
0.05207434296607971
0.072071872651577
0.1352950781583786
0.1977754831314087
0.14808329939842224
0.07167541235685349
0.09488153457641602
0.09698960930109024
0.15379737317562103
0.087233766913414
0.09889949858188629
0.10907386243343353
0.12461371719837189
0.17888756096363068
0.09578661620616913
0.1558021456003189
0.09785036742687225
0.10028090327978134
0.16739724576473236
0.118565134704113
0.1772397756576538
0.1134658232331276
0.12364402413368225
0.15686917304992676
0.20240092277526855
0.12819984555244446
0.06423976272344589
0.10743463784456253
0.12434350699186325
0.08513515442609787
0.11210758239030838
0.1351231187582016
0.06428472697734833
0.178301140666008
0.08958345651626587
0.12095004320144653
0.12386641651391983
0.17554260790348053
0.2071365863084793
0.1215112954378128
0.07365480810403824
0.2516311705112457
0.092103511095047
0.1685675084590912
0.24504317343235016
0.07934722304344177
0.2123367190361023
0.14138497412204742
0.17527566850185394
0.16250133514404297
0.09247025847434998
0.21561568975448608
0.17315673828125
0.1233547180891037
0.13782401382923126
0.08714032173156738
0.10352414101362228
0.15854598581790924
0.21169348061084747
0.10851650685071945
0.08886203169822693
0.1642492711544037
0.23610413074493408
0.0856051817536354
0.14459611475467682
0.0823708176612854
0.06458807736635208
0.161396324634552
0.17761729657649994
0.09537893533706665
0.08080919831991196
0.21047812700271606
0.13921573758125305
0.1259070634841919
0.24172160029411316
0.11443948745727539
0.06678112596273422
0.1273983269929886
0.12397913634777069
0.12712831795215607
0.10437384992837906
0.26980289816856384
0.06441666185855865
0.16516360640525818
0.13893041014671326
0.2148558795452118
0.07952073961496353
0.1502334177494049
0.10962717980146408
0.22453202307224274
0.10454767942428589
0.12601399421691895
0.11054208129644394
0.10531715303659439
0.23554804921150208
0.11620534211397171
0.15758925676345825
0.12300186604261398
0.1414320170879364
0.08272789418697357
0.20371761918067932
0.0691516175866127
0.10875575244426727
0.06796473264694214
0.1095939576625824
0.21278178691864014
0.1220661997795105
0.08117349445819855
0.06458812952041626
0.07505706697702408
0.15880408883094788
0.20558017492294312
0.15528982877731323
0.12815813720226288
0.14143790304660797
0.15999171137809753
0.06675691157579422
0.09592496603727341
0.09615352004766464
0.13971908390522003
0.14867103099822998
0.1752861589193344
0.18901580572128296
0.10289435088634491
0.20945478975772858
0.1204465702176094
0.10313940048217773
0.16614054143428802
0.09095953404903412
0.06036437302827835
0.09375478327274323
0.24619217216968536
0.13894762098789215
0.09945134818553925
0.12355074286460876
0.16343355178833008
0.06581838428974152
0.11203986406326294
0.1533510535955429
0.15569694340229034
0.1253485083580017
0.10560297966003418
0.07304063439369202
0.1454179883003235
0.14569632709026337
0.20286482572555542
0.08753253519535065
0.21971112489700317
0.19677364826202393
0.08542639017105103
0.18073536455631256
0.11524682492017746
0.09317705780267715
0.09712723642587662
0.08639781922101974
0.275479257106781
0.056658785790205
0.18721367418766022
0.07673532515764236
0.1447419971227646
0.1779349446296692
0.14344380795955658
0.10762674361467361
0.17739632725715637
0.19922159612178802
0.12539581954479218
0.1561017632484436
0.22676587104797363
0.11473778635263443
0.19129693508148193
0.1920066922903061
0.1366667002439499
0.08906364440917969
0.11643927544355392
0.1503707617521286
0.2546983063220978
0.15913410484790802
0.21584832668304443
0.13279452919960022
0.10246901959180832
0.13841523230075836
0.15120954811573029
0.1854930818080902
0.07364614307880402
0.06946149468421936
0.10138069838285446
0.09585300087928772
0.14774377644062042
0.14893561601638794
0.07598243653774261
0.09609028697013855
0.16756176948547363
0.11740338057279587
0.13445603847503662
0.12328449636697769
0.14582353830337524
0.10505146533250809
0.095083087682724
0.15163366496562958
0.113181471824646
0.12963484227657318
0.0482097826898098
0.10794816166162491
0.07003232836723328
0.1300162523984909
0.1017085611820221
0.08855073153972626
0.13734327256679535
0.21113795042037964
0.11095736920833588
0.1276024729013443
0.12462197989225388
0.12828803062438965
0.11141040176153183
0.13949747383594513
0.10562673211097717
0.1270056664943695
0.1490272581577301
0.1706024408340454
0.1158151850104332
0.06627856194972992
0.11880787461996078
0.08885493874549866
0.08391199260950089
0.06365550309419632
0.12830057740211487
0.14985603094100952
0.1608455777168274
0.1077876091003418
0.16387835144996643
0.1311710923910141
0.12992464005947113
0.08994944393634796
0.04751196131110191
0.14084450900554657
0.10307089239358902
0.13742326200008392
0.1396854966878891
0.16405144333839417
0.08956936746835709
0.154141366481781
0.10792209953069687
0.22788715362548828
0.03932305797934532
0.19990399479866028
0.20691747963428497
0.15115278959274292
0.1926330327987671
0.052070535719394684
0.15709401667118073
0.14081540703773499
0.17487569153308868
0.11391542106866837
0.1331687718629837
0.1378653198480606
0.15397247672080994
0.06821690499782562
0.21711687743663788
0.09373405575752258
0.13574793934822083
0.12537641823291779
0.1485074907541275
0.22438646852970123
0.09444678574800491
0.14199523627758026
0.20324303209781647
0.18061350286006927
0.1472606658935547
0.06696221977472305
0.16076263785362244
0.06536202877759933
0.137323260307312
0.16845454275608063
0.06605293601751328
0.1250457912683487
0.21850891411304474
0.0844578817486763
0.09499194473028183
0.12922225892543793
0.16756278276443481
0.14428438246250153
0.12749871611595154
0.10005468875169754
0.12041112035512924
0.1091032326221466
0.1044355183839798
0.1263880431652069
0.2575588822364807
0.1368052065372467
0.0726032480597496
0.15493908524513245
0.14390252530574799
0.13979800045490265
0.18948769569396973
0.18059106171131134
0.11435166746377945
0.10269604623317719
0.1074531301856041
0.05880440026521683
0.07911842316389084
0.12313302606344223
0.14733049273490906
0.04706911742687225
0.1645829677581787
0.1989947408437729
0.08112795650959015
0.1520901322364807
0.11742210388183594
0.11880280822515488
0.1707778126001358
0.21816562116146088
0.03939060866832733
0.09070651978254318
0.12094549834728241
0.175338476896286
0.1802358627319336
0.16023880243301392
0.0988001674413681
0.11298760026693344
0.2009773999452591
0.13809844851493835
0.15590234100818634
0.09149208664894104
0.1259857714176178
0.07634097337722778
0.11989286541938782
0.10915284603834152
0.14316026866436005
0.08189896494150162
0.13507865369319916
0.14221759140491486
0.1121465414762497
0.21430140733718872
0.16229504346847534
0.17226849496364594
0.12893107533454895
0.08504822850227356
0.14317691326141357
0.12132705003023148
0.18451328575611115
0.18160000443458557
0.08204881101846695
0.19879548251628876
0.07883066684007645
0.11504398286342621
0.15148766338825226
0.11657118797302246
0.13370497524738312
0.07204034179449081
0.09198199212551117
0.1542140692472458
0.139280766248703
0.14651089906692505
0.1816217005252838
0.10341165214776993
0.14849971234798431
0.12776149809360504
0.12626998126506805
0.09335024654865265
0.07469814270734787
0.1397441178560257
0.1883147656917572
0.13215170800685883
0.15644140541553497
0.23715296387672424
0.1534249633550644
0.13169023394584656
0.03934060037136078
0.1747187227010727
0.17525458335876465
0.102740079164505
0.1487807333469391
0.15861819684505463
0.14520682394504547
0.18794505298137665
0.10631558299064636
0.14635109901428223
0.17262998223304749
0.11428656429052353
0.10550644993782043
0.06244073063135147
0.17413684725761414
0.1476389318704605
0.10062858462333679
0.09341583400964737
0.09600590169429779
0.07413530349731445
0.1400558054447174
0.18852190673351288
0.16025641560554504
0.040286626666784286
0.17068012058734894
0.14208340644836426
0.1874709576368332
0.12867426872253418
0.20783241093158722
0.06572631001472473
0.09320935606956482
0.1610216647386551
0.19917914271354675
0.16279463469982147
0.16092514991760254
0.17877981066703796
0.09453214704990387
0.1106363981962204
0.09123921394348145
0.07606441527605057
0.08384875953197479
0.2628174126148224
0.11436238139867783
0.19752728939056396
0.11958736926317215
0.16928356885910034
0.0458916611969471
0.137123703956604
0.1536036878824234
0.1910133957862854
0.15968133509159088
0.12417678534984589
0.12294980883598328
0.10018344223499298
0.10831630975008011
0.17298288643360138
0.19263695180416107
0.09719441831111908
0.13390009105205536
0.10301238298416138
0.06875075399875641
0.12075236439704895
0.12655691802501678
0.0735664889216423
0.1871456652879715
0.15470702946186066
0.1062428429722786
0.16137373447418213
0.06588595360517502
0.14117906987667084
0.11722782999277115
0.13067851960659027
0.11324109882116318
0.14727497100830078
0.06400422751903534
0.08179565519094467
0.16225266456604004
0.08933795988559723
0.0740659311413765
0.1135779470205307
0.09850853681564331
0.10719530284404755
0.06909120082855225
0.09414686262607574
0.0828356146812439
0.13226237893104553
0.1038932278752327
0.1392606943845749
0.05617997422814369
0.05804689601063728
0.13658037781715393
0.145962655544281
0.1533503383398056
0.102592334151268
0.14195962250232697
0.14827239513397217
0.07204937189817429
0.08124548196792603
0.19306108355522156
0.049677640199661255
0.07417383790016174
0.04275551438331604
0.08993255347013474
0.1003243625164032
0.03721073642373085
0.12140623480081558
0.05391090735793114
0.21871855854988098
0.10594576597213745
0.062306035310029984
0.08807437866926193
0.04617265984416008
0.10596249997615814
0.09331955760717392
0.13583794236183167
0.08343987166881561
0.05701013654470444
0.16339440643787384
0.11526504904031754
0.13214361667633057
0.2000749111175537
0.07431336492300034
0.055919844657182693
0.08564688265323639
0.1529119312763214
0.07362649589776993
0.0933678150177002
0.12421030551195145
0.10537835955619812
0.13299870491027832
0.1577996462583542
0.058997929096221924
0.19651401042938232
0.10305177420377731
0.04632892832159996
0.09923268854618073
0.08937286585569382
0.09695121645927429
0.13494665920734406
0.09489643573760986
0.10739274322986603
0.13321992754936218
0.16962268948554993
0.12230737507343292
0.1068461611866951
0.11397907882928848
0.09320611506700516
0.0783582478761673
0.16637784242630005
0.07368207722902298
0.11911929398775101
0.19220179319381714
0.136573925614357
0.05157226696610451
0.05296070873737335
0.07649678736925125
0.14168395102024078
0.09180724620819092
0.14909671247005463
0.08378713577985764
0.10181260108947754
0.07173670083284378
0.131210058927536
0.10444912314414978
0.10942009836435318
0.06922050565481186
0.12555091083049774
0.1911042481660843
0.13617157936096191
0.07898441702127457
0.1671733856201172
0.1048305481672287
0.08192075043916702
0.0977751836180687
0.15569892525672913
0.06984715163707733
0.055617041885852814
0.1516345888376236
0.16120275855064392
0.15201905369758606
0.13686531782150269
0.11473706364631653
0.11329831928014755
0.11030952632427216
0.04909380525350571
0.12728089094161987
0.19539353251457214
0.06713970005512238
0.16349026560783386
0.1598735898733139
0.12821905314922333
0.2615235149860382
0.13531267642974854
0.04626971855759621
0.14883533120155334
0.11227604001760483
0.07820847630500793
0.2601834833621979
0.07591399550437927
0.06768731772899628
0.0686938688158989
0.08997059613466263
0.05920979753136635
0.18884025514125824
0.028330154716968536
0.11417413502931595
0.09202638268470764
0.23451238870620728
0.07468225806951523
0.08203932642936707
0.11529912054538727
0.10148173570632935
0.13710002601146698
0.1776430457830429
0.10358629375696182
0.12374605983495712
0.10134197771549225
0.11663230508565903
0.09843410551548004
0.1453542560338974

0.14546868205070496
0.05915883183479309
0.12620137631893158
0.07665885984897614
0.10737945139408112
0.1244020089507103
0.06570351123809814
0.0949694961309433
0.04618445038795471
0.10025294870138168
0.10413631796836853
0.0893738865852356
0.05156359821557999
0.0888896957039833
0.10188593715429306
0.1392570286989212
0.10620997846126556
0.10293063521385193
0.05887601524591446
0.08498270064592361
0.05400388687849045
0.11729104816913605
0.14177213609218597
0.07185713946819305
0.09591411054134369
0.04448891803622246
0.059728313237428665
0.07326129823923111
0.08654719591140747
0.04704965278506279
0.052073992788791656
0.0546865276992321
0.07109715044498444
0.095136858522892
0.07905849069356918
0.06164010614156723
0.08056367188692093
0.061266276985406876
0.16267986595630646
0.10589359700679779
0.06432337313890457
0.14953047037124634
0.07845896482467651
0.08622314780950546
0.07529030740261078
0.057647816836833954
0.17288018763065338
0.056504715234041214
0.10151496529579163
0.06529872119426727
0.06736991554498672
0.14107461273670197
0.048548564314842224
0.04372798651456833
0.08682256937026978
0.11310554295778275
0.051845282316207886
0.11893961578607559
0.06826237589120865
0.0915345698595047
0.07576953619718552
0.0629953145980835
0.0631847158074379
0.09022465348243713
0.16001608967781067
0.11246158182621002
0.19917665421962738
0.06638540327548981
0.13190452754497528
0.13011828064918518
0.055090539157390594
0.16150745749473572
0.08560317009687424
0.09566199034452438
0.08818318694829941
0.057671770453453064
0.12243320792913437
0.09578941017389297
0.09910450130701065
0.06996151059865952
0.05976944416761398
0.16907788813114166
0.10948478430509567
0.24047620594501495
0.05661908537149429
0.07312873005867004
0.06781631708145142
0.11660024523735046
0.0945238396525383
0.06531677395105362
0.1455327719449997
0.03291871398687363
0.20446720719337463
0.06941922008991241
0.12495498359203339
0.12213227897882462
0.12123803794384003
0.05290703848004341
0.13554994761943817
0.11848420649766922
0.07741350680589676
0.06099357455968857
0.17402811348438263
0.07673721760511398
0.16951192915439606
0.178712397813797
0.08414635062217712
0.06518213450908661
0.11186593770980835
0.15016113221645355
0.06597043573856354
0.12593740224838257
0.12946680188179016
0.18642593920230865
0.07622425258159637
0.08274933695793152
0.1531725376844406
0.09914419800043106
0.04143621772527695
0.07810311019420624
0.17130804061889648
0.1480424404144287
0.08336880058050156
0.11704383790493011
0.09794669598340988
0.0766158178448677
0.15635105967521667
0.142086461186409
0.10339939594268799
0.09939427673816681
0.1110197901725769
0.07630444318056107
0.1038927212357521
0.10054884105920792
0.06330466270446777
0.11210047453641891
0.18528321385383606
0.03802936524152756
0.08274362981319427
0.10143379122018814
0.06954824924468994
0.13841988146305084
0.09534724056720734
0.0817623883485794
0.12673017382621765
0.13027207553386688
0.04560403153300285
0.09927244484424591
0.10488947480916977
0.05802755802869797
0.07084434479475021
0.09698698669672012
0.06211043894290924
0.05390399694442749
0.08596056699752808
0.06309545040130615
0.15156717598438263
0.0861707329750061
0.09377171844244003
0.03935260325670242
0.11643137782812119
0.07924956828355789
0.03799552470445633
0.04567926377058029
0.07695566117763519
0.2380857914686203
0.07090529799461365
0.19062311947345734
0.1365729570388794
0.09229166805744171
0.08205396682024002
0.060412630438804626
0.06655420362949371
0.05575668439269066
0.06075552478432655
0.12363709509372711
0.09540297091007233
0.14156056940555573
0.07920212298631668
0.1609164923429489
0.08263052254915237
0.1078958511352539
0.1504065990447998
0.11133328080177307
0.047837041318416595
0.055918704718351364
0.10570454597473145
0.14420728385448456
0.23701441287994385
0.08459385484457016
0.09713372588157654
0.06991665065288544
0.05936617776751518
0.18314678966999054
0.08171039074659348
0.05417896807193756
0.16523505747318268
0.09479210525751114
0.1299576312303543
0.1211334839463234
0.051923178136348724
0.14656071364879608
0.11517611145973206
0.09808557480573654
0.045722149312496185
0.12288468331098557
0.08686413615942001
0.07154259085655212
0.16542795300483704
0.10156572610139847
0.17174245417118073
0.06722481548786163
0.11244689673185349
0.11255378276109695
0.14560049772262573
0.09725925326347351
0.12609636783599854
0.10282290726900101
0.11313695460557938
0.08723123371601105
0.1299121379852295
0.11699758470058441
0.10829494148492813
0.12740382552146912
0.08188877254724503
0.07310883700847626
0.09628776460886002
0.09442046284675598
0.05550277605652809
0.05185411497950554
0.13961604237556458
0.1178407296538353
0.09192387014627457
0.039188455790281296
0.0767606869339943
0.07975878566503525
0.1549094170331955
0.11100413650274277
0.10681024938821793
0.06880753487348557
0.04449468478560448
0.12933048605918884
0.03552794083952904
0.0947340652346611
0.13798867166042328
0.08638884127140045
0.09724236279726028
0.07933812588453293
0.09760121256113052
0.13517878949642181
0.13386887311935425
0.04928582161664963
0.07125711441040039
0.11875249445438385
0.1010996475815773
0.06204681843519211
0.10086469352245331
0.06486954540014267
0.0665397047996521
0.08007584512233734
0.1200905442237854
0.06722290068864822
0.07284417748451233
0.053325287997722626
0.06959535926580429
0.057668931782245636
0.12262199819087982
0.08319114148616791
0.07703765481710434
0.07682369649410248
0.16006529331207275
0.1497650444507599
0.048505816608667374
0.07671701908111572
0.08454998582601547
0.11338634788990021
0.057796161621809006
0.13279248774051666
0.09269192814826965
0.21054907143115997
0.05082181096076965
0.0691133365035057
0.11793962866067886
0.106166310608387
0.0884358212351799
0.06429602950811386
0.0942792296409607
0.0735454335808754
0.07442916184663773
0.08618993312120438
0.11658591777086258
0.10227029770612717
0.04925800487399101
0.10199341177940369
0.08500602841377258
0.11925061792135239
0.09229560196399689
0.1502908319234848
0.09500569850206375
0.032239753752946854
0.10193735361099243
0.08398281782865524
0.16388070583343506
0.07215860486030579
0.09429828822612762
0.1347065269947052
0.05436849594116211
0.05849898234009743
0.10173530876636505
0.053477488458156586
0.04602658003568649
0.054881323128938675
0.12797322869300842
0.07292760908603668
0.12949450314044952
0.10612048953771591
0.08225996047258377
0.06361804157495499
0.0502164363861084
0.08196764439344406
0.12382975220680237
0.10815940797328949
0.10343324393033981
0.0851055234670639
0.07665383815765381
0.1362171322107315
0.053129903972148895
0.09181412309408188
0.0800543874502182
0.11035080999135971
0.17887774109840393
0.22668884694576263
0.11423492431640625
0.12931887805461884
0.09684725105762482
0.06897270679473877
0.0740821585059166
0.06192275509238243
0.17201542854309082
0.19087740778923035
0.051662128418684006
0.0840541198849678
0.07280988246202469
0.07039438933134079
0.05462895706295967
0.07931684702634811
0.08816776424646378
0.11881746351718903
0.06280282884836197
0.10595852136611938
0.2643219530582428
0.09318642318248749
0.1400250643491745
0.0902005285024643
0.07637250423431396
0.09220295399427414
0.12587733566761017
0.18043000996112823
0.07003704458475113
0.06129004806280136
0.11557263880968094
0.06850007176399231
0.18143893778324127
0.09631284326314926
0.059523213654756546
0.09555405378341675
0.1015840470790863
0.06291921436786652
0.12137648463249207
0.13380393385887146
0.12864944338798523
0.08897659182548523
0.09891809523105621
0.1544354259967804
0.11486193537712097
0.07773976773023605
0.0826982855796814
0.11297976225614548
0.10870840400457382
0.13040998578071594
0.10490236431360245
0.09490682929754257
0.16578364372253418
0.06633077561855316
0.08048002421855927
0.06740689277648926
0.06207315996289253
0.09324818849563599
0.17429345846176147
0.16176645457744598
0.046718962490558624
0.0887136459350586
0.1377384513616562
0.10050054639577866
0.10646527260541916
0.03035157173871994
0.044272780418395996
0.07305418699979782
0.15200331807136536
0.07759866863489151
0.07947199791669846
0.12475579977035522
0.15102452039718628
0.07688892632722855
0.08847393095493317
0.05652932450175285
0.13005676865577698
0.08569328486919403
0.09198407083749771
0.11934266239404678
0.023573512211441994
0.12090924382209778
0.09156698733568192
0.04843563213944435
0.06545455008745193
0.08539939671754837
0.10294634848833084
0.08182056248188019
0.07673443853855133
0.09361735731363297
0.09709419310092926
0.06523459404706955
0.10112912207841873
0.11166727542877197
0.056900814175605774
0.07271377742290497
0.0820235088467598
0.10227981954813004
0.08740508556365967
0.12257803976535797
0.16432246565818787
0.07528436928987503
0.14742834866046906
0.08715250343084335
0.08322587609291077
0.06960133463144302
0.11948825418949127
0.06820150464773178
0.05460519343614578
0.0962868258357048
0.10860230773687363
0.08050283044576645
0.18806913495063782
0.11695132404565811
0.11113650351762772
0.03490404412150383
0.11378106474876404
0.09135513007640839
0.1410854458808899
0.10325370728969574
0.0810631513595581
0.14077822864055634
0.05999604985117912
0.12513881921768188
0.063841313123703
0.1271570771932602
0.12082735449075699
0.08581463247537613
0.10500222444534302
0.11018898338079453
0.11021129786968231
0.06480807811021805
0.14849497377872467
0.21312740445137024
0.20744721591472626
0.0853557139635086
0.09479184448719025
0.11321541666984558
0.11566674709320068
0.09503084421157837
0.19728133082389832
0.15657363831996918
0.07060708850622177
0.1251956671476364
0.09530054777860641
0.1027827262878418
0.15759292244911194
0.1690206229686737
0.026367897167801857
0.10283353924751282
0.11866509914398193
0.11752945184707642
0.07781566679477692
0.08614449203014374
0.11344395577907562
0.12563864886760712
0.07468684762716293
0.07941880822181702
0.12296723574399948
0.04972624033689499
0.12662355601787567
0.07943997532129288
0.09860734641551971
0.09138058125972748
0.14187660813331604
0.12463809549808502
0.06749173998832703
0.061118971556425095
0.05895361676812172
0.13332246243953705
0.10000647604465485
0.10127142071723938
0.0865856483578682
0.05309033766388893
0.11666165292263031
0.09071635454893112
0.03391634672880173
0.103599414229393
0.07737278938293457
0.15214721858501434
0.13665613532066345
0.08941025286912918
0.07182233035564423
0.06949026137590408
0.0694691613316536
0.09428033977746964
0.09955109655857086
0.12923173606395721
0.0844847783446312
0.09083009511232376
0.15997816622257233
0.08829551190137863
0.13450366258621216
0.055010341107845306
0.14473097026348114
0.11669616401195526
0.040706515312194824
0.1444561630487442
0.11202121526002884
0.17720302939414978
0.11776340007781982
0.15017381310462952
0.09897416830062866
0.09986423701047897
0.10075594484806061
0.09198939800262451
0.059136390686035156
0.13409191370010376
0.053815435618162155
0.04460231959819794
0.07095862925052643
0.07566911727190018
0.04647333174943924
0.038439683616161346
0.05493433028459549
0.09877613931894302
0.0715624988079071
0.06739655137062073
0.038996946066617966
0.06971313804388046
0.12076569348573685
0.21101711690425873
0.05833745002746582
0.09364110231399536
0.12138879299163818
0.17197808623313904
0.0927569717168808
0.06281149387359619
0.14155803620815277
0.06570716202259064
0.16415828466415405
0.155225470662117
0.074905164539814
0.10107777267694473
0.0705116018652916
0.11860977113246918
0.06646478176116943
0.12750189006328583
0.06142266094684601
0.10424330830574036
0.05583111569285393
0.09834034740924835
0.15831725299358368
0.09539249539375305
0.11343511193990707
0.0729316994547844
0.0645165741443634
0.08017569780349731
0.13495314121246338
0.044241465628147125
0.1156022846698761
0.09121454507112503
0.15410643815994263
0.0642692893743515
0.09967251121997833
0.07857686281204224
0.1132529005408287
0.10573698580265045
0.15516769886016846
0.1839647740125656
0.12580859661102295
0.06886390596628189
0.05545376241207123
0.14833784103393555
0.04270457476377487
0.14382483065128326
0.07766476273536682
0.08917117863893509
0.13219882547855377
0.07150829583406448
0.10236846655607224
0.06267303228378296
0.08998408913612366
0.05340098217129707
0.05551181361079216
0.09612910449504852
0.04614533856511116
0.056181568652391434
0.08436287194490433
0.17456533014774323
0.13078323006629944
0.11538002640008926
0.052552592009305954
0.12703916430473328
0.17819246649742126
0.09118808805942535
0.05541480705142021
0.08547340333461761
0.1067950651049614
0.04188281670212746
0.08029130846261978
0.10767467319965363
0.10155904293060303
0.04193330556154251
0.15648433566093445
0.10748199373483658
0.14805197715759277
0.10147643089294434
0.13287070393562317
0.1243642047047615
0.1485031694173813
0.11643124371767044
0.1447279304265976
0.10677190124988556
0.09024199843406677
0.10242088884115219
0.131357803940773
0.06515980511903763
0.11990746110677719
0.05494403466582298
0.09365905821323395
0.18752555549144745
0.1385437399148941
0.13691076636314392
0.05679438263177872
0.10910781472921371
0.08475090563297272
0.08560211211442947
0.09193465113639832
0.10008806735277176
0.06691467016935349
0.12022222578525543
0.05262254923582077
0.052489738911390305
0.12697145342826843
0.03966258093714714
0.1023537889122963
0.13221149146556854
0.0721854642033577
0.0299056489020586
0.09846501052379608
0.11820569634437561
0.06222602725028992
0.12868323922157288
0.08567506074905396
0.06290244311094284
0.16405974328517914
0.11779747903347015
0.1489749401807785
0.05634436011314392
0.0731797069311142
0.16701975464820862
0.15434443950653076
0.08016245067119598
0.05591805279254913
0.08655079454183578
0.21246689558029175
0.09433658421039581
0.10397888720035553
0.05118231475353241
0.060888320207595825
0.03464548662304878
0.08113638311624527
0.10434146225452423
0.10311463475227356
0.15836670994758606
0.055454645305871964
0.07943695038557053
0.12906372547149658
0.16797320544719696
0.07023715227842331
0.08891135454177856
0.0993070974946022
0.06366055458784103
0.08503995835781097
0.12913525104522705
0.11448526382446289
0.16471180319786072
0.052689775824546814
0.08175909519195557
0.046792954206466675
0.05729445442557335
0.09528962522745132
0.08461561053991318

