0.20011718571186066
18.61809730529785
7.930307388305664
5.847201824188232
4.113360404968262
3.614025831222534
3.6022069454193115
2.5887837409973145
2.23608136177063
3.1008191108703613
1.9619842767715454
1.8277455568313599
1.861474633216858
2.0831689834594727
2.5167229175567627
1.7814509868621826
1.6435039043426514
2.434840679168701
1.4412012100219727
1.348362922668457
1.3905847072601318
1.4299696683883667
1.564801573753357
1.5145593881607056
1.3019709587097168
1.465530276298523
1.2686208486557007
1.2798384428024292
1.1644606590270996
1.5686384439468384
1.1947962045669556
1.1642718315124512
1.2772808074951172
1.1272858381271362
1.3040577173233032
1.0580549240112305
1.174261450767517
1.738738775253296
1.1768485307693481
1.2346351146697998
1.0573920011520386
1.0152336359024048
1.1816966533660889
1.1196542978286743
1.0383360385894775
1.1471506357192993
1.2541199922561646
1.1074280738830566
0.9467008113861084
1.1687874794006348
1.1144399642944336
0.9248745441436768
1.025517463684082
1.2933682203292847
1.1506584882736206
1.1638964414596558
1.153849482536316
1.0752267837524414
0.851033091545105
1.0855813026428223
0.8934442400932312
0.9373368620872498
0.8475571274757385
0.9980833530426025
0.8531458377838135
0.9555332660675049
1.0601366758346558
0.8414835333824158
1.1705998182296753
0.8457539677619934
1.0132508277893066
0.9627383947372437
0.9835067987442017
0.9442516565322876
0.9401492476463318
0.924441933631897
1.017552375793457
1.0503637790679932
0.9753473997116089
0.9194936156272888
0.8859010934829712
1.0614687204360962
1.0417170524597168
1.0992391109466553
0.8840640783309937
0.9906978607177734
1.0356793403625488
0.6872192025184631
0.8902422189712524
0.8640286326408386
0.9545127749443054
0.9699702858924866
0.9591814875602722
1.2561167478561401
0.9251923561096191
0.8346177935600281
0.9342325329780579
1.1153497695922852
1.0227397680282593
0.9155474901199341
0.9702786207199097
0.7824274301528931
1.0482089519500732
0.8174037933349609
0.936928391456604
0.8232175707817078
0.860281229019165
1.062661051750183
0.7782522439956665
0.9222882390022278
0.8442041277885437
0.6915450096130371
0.7973639965057373
0.8278833627700806
1.1526083946228027
0.8517622947692871
0.7716323137283325
0.7204618453979492
0.8510133028030396
0.8479672074317932
1.0271776914596558
0.8090283870697021
0.7746965289115906
1.0232990980148315
0.9843759536743164
0.8683032989501953
0.9459896683692932
0.7610915303230286
0.8255298733711243
0.7950167655944824
0.8942418694496155
0.7373422384262085
0.8533692955970764
0.9237072467803955
0.7277523875236511
0.7557893395423889
1.0318137407302856
1.1051878929138184
0.789115846157074
0.8479005694389343
0.7217438817024231
0.5980848670005798
0.860747218132019
0.777858316898346
0.6523453593254089
1.1457693576812744
0.866845965385437
1.0319122076034546
1.0216727256774902
0.7459007501602173
0.8752909898757935
0.8047457933425903
0.9874779582023621
0.8775573968887329
0.7990049123764038
0.7870007157325745
0.9218381643295288
0.9359223246574402
0.7882013916969299
0.7827333807945251
0.7474428415298462
0.8694870471954346
0.7780447602272034
0.7204155921936035
1.0570632219314575
0.731630802154541
0.7819119095802307
0.636498749256134
0.6164501309394836
0.8531909584999084
0.7842869162559509
0.7246828675270081
0.8339598178863525
0.7677300572395325
0.8372803330421448
0.7036365270614624
0.7679351568222046
0.73601233959198
0.8128404021263123
0.8538869023323059
0.887751579284668
0.6957163214683533
0.7624797821044922
0.7113408446311951
0.7804901599884033
0.693278968334198
0.6154813170433044
0.5987205505371094
0.8229314684867859
0.9200435280799866
0.8405458331108093
0.6512421369552612
0.7426709532737732
0.6020585298538208
0.7064790725708008
0.6363500952720642
0.8388991951942444
0.7095868587493896
0.6931198239326477
0.6126466393470764
0.5003468990325928
0.8512893915176392
0.6190184354782104
0.76057368516922
0.6128513216972351
0.7922300100326538
0.7277179956436157
0.7202397584915161
0.6010485887527466
0.7385931015014648
0.5771231651306152
0.7702227234840393
0.6201481819152832
0.7132006883621216
0.5959422588348389
0.7082086801528931
0.6735454201698303
0.6340956687927246
0.7496074438095093
0.6987726092338562
0.6744518280029297
0.789276659488678
0.7093328833580017
0.6132088303565979
0.7095704078674316
0.6273723244667053
0.7961377501487732
0.6354604363441467
0.5754432082176208
0.6912893652915955
0.7052574157714844
0.8258472681045532
0.6742002367973328
0.5851935148239136
0.5460894703865051
0.520765483379364
0.6293258666992188
0.6782605051994324
0.4969337582588196
0.7468117475509644
0.7342861294746399
0.6507902145385742
0.6720882058143616
0.7201740741729736
0.615811288356781
0.5934884548187256
0.5672391653060913
0.7945170402526855
0.6757336854934692
0.5411720275878906
0.7386115193367004
0.6823605895042419
0.6431638598442078
0.6812732815742493
0.6991536617279053
0.7219167351722717
0.6234256029129028
0.6212224364280701
0.6376979947090149
0.5637650489807129
0.8256081342697144
0.6918187737464905
0.6492660641670227
0.6715185642242432
0.7433080673217773
0.6140037178993225
0.570003092288971
0.5550565123558044
0.677147626876831
0.486007958650589
0.5164345502853394
0.6284195780754089
0.5538740754127502
0.6242162585258484
0.8867002725601196
0.6452050805091858
0.576343297958374
0.6161146759986877
0.5822693705558777
0.7265129089355469
0.6594489812850952
0.4551234245300293
0.5578280091285706
0.48907092213630676
0.43334195017814636
0.7217736840248108
0.5653226375579834
0.5939441323280334
0.5835328698158264
0.540763258934021
0.584555983543396
0.56009441614151
0.6504690051078796
0.44697609543800354
0.482246071100235
0.8078356385231018
0.6077350378036499
0.5796286463737488
0.7570942640304565
0.6627755761146545
0.5819620490074158
0.9400956630706787
0.6217972636222839
0.7129384279251099
0.5761977434158325
0.5112077593803406
0.6614699959754944
0.5750709176063538
0.6799295544624329
0.5579355955123901
0.5660529732704163
0.6259536147117615
0.4996107816696167
0.6041847467422485
0.581522524356842
0.5509997010231018
0.5816324949264526
0.4970046877861023
0.5480258464813232
0.4996544122695923
0.5853399038314819
0.6099241375923157
0.5640393495559692
0.6480063199996948
0.4741440713405609
0.4847390055656433
0.5618530511856079
0.4635652005672455
0.576725423336029
0.5187163949012756
0.5500462651252747
0.7007055282592773
0.5391292572021484
0.35536205768585205
0.4203779399394989
0.5309593677520752
0.3658641278743744
0.5045592188835144
0.7417407035827637
0.5392377376556396
0.365094393491745
0.6308256983757019
0.47502458095550537
0.4140598773956299
0.5279018878936768
0.5405979752540588
0.4700091481208801
0.6209352612495422
0.6037290692329407
0.554201066493988
0.5098807215690613
0.478363037109375
0.4903665781021118
0.5349029302597046
0.432483047246933
0.6086654663085938
0.5705553889274597
0.4131689667701721
0.5393158197402954
0.5379491448402405
0.6327983736991882
0.49227285385131836
0.5427296161651611
0.5806251764297485
0.45436859130859375
0.5733942985534668
0.451638787984848
0.5878310799598694
0.5537923574447632
0.7847947478294373
0.5838049650192261
0.6692695617675781
0.49943023920059204
0.344756543636322
0.605802595615387
0.6433555483818054
0.5543259382247925
0.5406320691108704
0.4750170409679413
0.5772958397865295
0.45736849308013916
0.4831189513206482
0.4810733497142792
0.5332990288734436
0.6384239792823792
0.48096606135368347
0.6148502230644226
0.32746919989585876
0.4642171859741211
0.5231267213821411
0.407780259847641
0.5169340968132019
0.41019606590270996
0.5605931878089905
0.45284539461135864
0.5041590332984924
0.5016028881072998
0.5509185791015625
0.2968865931034088
0.48605701327323914
0.4167616069316864
0.49682286381721497
0.40915563702583313
0.43678128719329834
0.31838586926460266
0.6291829943656921
0.5745100975036621
0.35864320397377014
0.33765900135040283
0.49848514795303345
0.4731653928756714
0.7222457528114319
0.8547000885009766
0.855381190776825
0.41036030650138855
0.399349182844162
0.5591122508049011
0.45230716466903687
0.476101815700531
0.5041145086288452
0.6723665595054626
0.3338131308555603
0.5196767449378967
0.48249122500419617
0.47723904252052307
0.5830177068710327
0.5862465500831604
0.4544937014579773
0.6974608898162842
0.3862840235233307
0.5703568458557129
0.4924865663051605
0.5726529955863953
0.4418245851993561
0.5198543071746826
0.43084102869033813
0.4351002275943756
0.4672166109085083
0.3521460294723511
0.4816994369029999
0.5836836099624634
0.6072214245796204
0.3902655839920044
0.38049381971359253
0.4955785870552063
0.49339330196380615
0.38374921679496765
0.44170892238616943
0.5303081274032593
0.45887771248817444
0.40265724062919617
0.49570533633232117
0.4633481204509735
0.4201301634311676
0.42011740803718567
0.5305651426315308
0.4334825277328491
0.3855573832988739
0.5294855833053589
0.5634651780128479
0.37083202600479126
0.5386431217193604
0.3789418637752533
0.6732874512672424
0.36100149154663086
0.5022700428962708
0.4699714183807373
0.33998802304267883
0.5121766328811646
0.3952835500240326
0.5314470529556274
0.5288835763931274
0.386373370885849
0.505913496017456
0.5609255433082581
0.3311564028263092
0.3477674126625061
0.3776303231716156
0.4115990102291107
0.4982418715953827
0.36556535959243774
0.39140668511390686
0.3848336338996887
0.43649938702583313
0.32902055978775024
0.25062498450279236
0.28013432025909424
0.46903398633003235
0.28761589527130127
0.42172613739967346
0.3542340099811554
0.4284875690937042
0.34359148144721985
0.4698147773742676
0.38291996717453003
0.46280908584594727
0.47122350335121155
0.272540420293808
0.3055932819843292
0.4112602174282074
0.3831939995288849
0.4719896912574768
0.4775562882423401
0.5891384482383728
0.3392280340194702
0.44287556409835815
0.34936559200286865
0.33993685245513916
0.30392229557037354
0.37071675062179565
0.4640381932258606
0.5614050030708313
0.5732226371765137
0.3633328080177307
0.40217483043670654
0.5541290640830994
0.2847609519958496
0.38033077120780945
0.25024107098579407
0.3723026216030121
0.479231059551239
0.3873032331466675
0.3553279936313629
0.4646262228488922
0.3761981725692749
0.43882879614830017
0.4780906140804291
0.5373245477676392
0.42579811811447144
0.3655305802822113
0.41938966512680054
0.3829312324523926
0.3046921491622925
0.4292311668395996
0.31786811351776123
0.34437909722328186
0.3837180435657501
0.36331915855407715
0.42198818922042847
0.42915910482406616
0.2785525918006897
0.3082895874977112
0.28329116106033325
0.3951282203197479
0.26193273067474365
0.42159131169319153
0.3832276463508606
0.3333263397216797
0.4403879940509796
0.23700189590454102
0.2708902060985565
0.34191659092903137
0.48280176520347595
0.31842169165611267
0.4185802638530731
0.45445337891578674
0.37395501136779785
0.3395387828350067
0.49675944447517395
0.5424814224243164
0.39375877380371094
0.3352144658565521
0.2887466847896576
0.394357293844223
0.2997170090675354
0.32512181997299194
0.37058818340301514
0.5922878384590149
0.41543635725975037
0.2899401783943176
0.3216129243373871
0.4103970229625702
0.364224910736084
0.4105454087257385
0.30489271879196167
0.41497543454170227
0.5622490048408508
0.433205783367157
0.3993225395679474
0.39173856377601624
0.40348270535469055
0.34292173385620117
0.3330654501914978
0.2256098985671997
0.42515748739242554
0.3344874382019043
0.3526645302772522
0.3363468647003174
0.3407534658908844
0.39931654930114746
0.2811213433742523
0.2919038236141205
0.30211418867111206
0.4443245530128479
0.3357512354850769
0.2687827944755554
0.38759416341781616
0.35980620980262756
0.4251174032688141
0.3502092957496643
0.34475061297416687
0.33336636424064636
0.32510852813720703
0.2831389307975769
0.37815436720848083
0.3369489908218384
0.5230820775032043
0.3895844519138336
0.23514921963214874
0.34246060252189636
0.45136427879333496
0.44541823863983154
0.44842490553855896
0.2830003798007965
0.30185285210609436
0.35809069871902466
0.33095261454582214
0.2719065845012665
0.38569220900535583
0.3931952118873596
0.30327537655830383
0.15968431532382965
0.5270690321922302
0.31795424222946167
0.4360561966896057
0.268161803483963
0.5352487564086914
0.23524437844753265
0.34182077646255493
0.35856297612190247
0.17957347631454468
0.416660338640213
0.3769876956939697
0.34570133686065674
0.2899823784828186
0.3794013559818268
0.3637319505214691
0.39058807492256165
0.4044158160686493
0.33792802691459656
0.41853460669517517
0.35870280861854553
0.2625487744808197
0.4823239743709564
0.42922475934028625
0.29309430718421936
0.35717344284057617
0.2667442262172699
0.421697735786438
0.31099677085876465
0.37143975496292114
0.37086114287376404
0.37214282155036926
0.277229905128479
0.437081903219223
0.4032602608203888
0.44454967975616455
0.3584693372249603
0.319988489151001
0.3141465187072754
0.3118981122970581
0.49371910095214844
0.28667980432510376
0.366027295589447
0.41887637972831726
0.34520044922828674
0.30653923749923706
0.30673158168792725
0.347095787525177
0.40365588665008545
0.4414471685886383
0.38355034589767456
0.25029870867729187
0.40580540895462036
0.35429438948631287
0.37079450488090515
0.39438390731811523
0.22195446491241455
0.33242717385292053
0.226670503616333
0.28757643699645996
0.3252941966056824
0.31032198667526245
0.32246851921081543
0.3537072539329529
0.3246900141239166
0.29120156168937683
0.41878801584243774
0.26820066571235657
0.26287662982940674
0.4376053512096405
0.3743394613265991
0.30639156699180603
0.285040020942688
0.34105607867240906
0.35570839047431946
0.23714663088321686
0.433768630027771
0.30757179856300354
0.3306042551994324
0.42596957087516785
0.26521649956703186
0.32726040482521057
6.2063374519348145

['0.526755851926282', '0.4575201468436386', '0.5012439878615127', '0.6884129965804856']