2.245241641998291
3.371861457824707
2.7168374061584473
2.072174310684204
2.195004463195801
1.7355027198791504
1.833312749862671
1.7360562086105347
1.4922003746032715
1.420281171798706
1.2877156734466553
1.7133914232254028
1.1861562728881836
1.2930465936660767
1.3900929689407349
1.3082045316696167
1.2723909616470337
1.0634022951126099
1.2159332036972046
1.2874574661254883
1.2879644632339478
1.0127928256988525
1.0876537561416626
1.1623742580413818
0.9744749665260315
1.0304234027862549
1.2721776962280273
1.2396303415298462
1.1801670789718628
1.0234051942825317
1.1888998746871948
0.8888958096504211
0.9353697299957275
1.0722030401229858
1.1165778636932373
1.0359989404678345
1.1468708515167236
1.0304505825042725
1.087610125541687
1.0272867679595947
1.026826024055481
1.0195097923278809
0.8458653092384338
1.1420376300811768
0.8839209079742432
0.9151366949081421
0.9205154180526733
0.7779756784439087
0.787609338760376
0.7854740619659424
0.8891742825508118
0.784081757068634
0.9324821829795837
0.8356174826622009
0.8902047276496887
0.862216591835022
0.9275638461112976
0.6754276156425476
0.8591887950897217
1.2010018825531006
0.965824544429779
0.7654371857643127
0.8970834612846375
0.919930636882782
0.75424724817276
0.7085338234901428
0.7373009920120239
0.6391096711158752
0.7818280458450317
0.720658004283905
0.8299952745437622
0.7054429650306702
0.8381468653678894
0.777582049369812
0.7163980007171631
0.7665082216262817
0.7510049939155579
0.7577967047691345
0.664874255657196
0.8182603120803833
0.7743229866027832
0.5812515020370483
0.7263426184654236
0.6736289262771606
0.8762308955192566
0.6999658346176147
0.8287705183029175
0.8133552670478821
0.7183634042739868
0.7216782569885254
0.5702809691429138
0.7500793933868408
0.5808007121086121
0.5925241708755493
0.6403348445892334
0.675849199295044
0.6574633717536926
0.7213785648345947
0.5632091164588928
0.666973888874054
0.8921518921852112
0.6061388850212097
0.6248279213905334
0.5529214143753052
0.7495717406272888
0.8493208289146423
0.5905324220657349
0.6343562602996826
0.6774522662162781
0.7470031976699829
0.5262126922607422
0.7563048601150513
0.5689644813537598
0.6399223804473877
0.6196918487548828
0.4985460042953491
0.7593202590942383
0.6722983121871948
0.6914744973182678
0.5425413846969604
0.5864826440811157
0.8658812642097473
0.8819055557250977
0.8490766882896423
0.699613630771637
0.601798415184021
0.5508514642715454
0.6553758978843689
0.6489356756210327
0.7206142544746399
0.9526932835578918
0.5880186557769775
0.6205505132675171
0.5601862668991089
0.5260410904884338
0.8001702427864075
0.5700167417526245
0.5395908951759338
0.47033029794692993
0.5150272846221924
0.5953901410102844
0.6342860460281372
0.5718492865562439
0.563524067401886
0.6815240979194641
0.6153496503829956
0.6974337100982666
0.5009987950325012
0.4960578680038452
0.6173771619796753
0.4780014753341675
0.7094488143920898
0.7322994470596313
0.633306086063385
0.6318843960762024
0.5623541474342346
0.6194388270378113
0.6225719451904297
0.6533201932907104
0.4944647550582886
0.4572831094264984
0.5485810041427612
0.6162515878677368
0.5550433993339539
0.5424839854240417
0.7394527792930603
0.6199923753738403
0.5837266445159912
0.4316581189632416
0.5248159766197205
0.5441242456436157
0.49607574939727783
0.6032686233520508
0.4376607835292816
0.4857907295227051
0.5751117467880249
0.44946831464767456
0.439399778842926
0.5808690786361694
0.5003968477249146
0.5400312542915344
0.6231512427330017
0.5555600523948669
0.45497676730155945
0.4690096974372864
0.658584475517273
0.5803913474082947
0.38968220353126526
0.5685089826583862
0.47970446944236755
0.5359078645706177
0.6122713685035706
0.6540711522102356
0.5111138820648193
0.5667523741722107
0.5114337205886841
0.5343679189682007
0.44915279746055603
0.588311493396759
0.5941017270088196
0.42925840616226196
0.6499601602554321
0.4898916780948639
0.4704180955886841
0.6658419370651245
0.6728918552398682
0.47107264399528503
0.5441343188285828
0.5021255612373352
0.6479328870773315
0.6654523015022278
0.4627060294151306
0.584173858165741
0.5319092273712158
0.4917924404144287
0.41166064143180847
0.5108276009559631
0.4453376829624176
0.5952973365783691
0.5773648023605347
0.7163077592849731
0.6707469820976257
0.4476127624511719
0.6284790635108948
0.4254089593887329
0.6286097764968872
0.6668417453765869
0.5414940118789673
0.4788580536842346
0.5030118227005005
0.46561485528945923
0.5147563219070435
0.46043661236763
0.5313264727592468
0.40361765027046204
0.4880947768688202
0.4090919494628906
0.5046305656433105
0.6219227313995361
0.49066680669784546
0.5235165953636169
0.37015241384506226
0.46298277378082275
0.4848922789096832
0.6346848607063293
0.6556394100189209
0.4379863440990448
0.5968647599220276
0.4152868688106537
0.44360342621803284
0.6121450662612915
0.5266778469085693
0.5685389637947083
0.5118328332901001
0.29302364587783813
0.49170076847076416
0.5219979286193848
0.42235681414604187
0.4179670810699463
0.514969527721405
0.48823755979537964
0.45247578620910645
0.5695823431015015
0.4313467741012573
0.5546729564666748
0.421049028635025
0.48775988817214966
0.4530891180038452
0.47576895356178284
0.5535385608673096
0.3869822919368744
0.3774097263813019
0.5668466687202454
0.4867127239704132
0.643431544303894
0.4649856388568878
0.48714888095855713
0.5858007073402405
0.408047616481781
0.5399743318557739
0.43193545937538147
0.496502161026001
0.5196305513381958
0.4517846405506134
0.399909108877182
0.3834557831287384
0.5895807147026062
0.45534685254096985
0.4674074053764343
0.351492315530777
0.4130226969718933
0.4880550801753998
0.5583004951477051
0.6467541456222534
0.6024677157402039
0.4659271538257599
0.6105019450187683
0.5734382271766663
0.472779780626297
0.6059905886650085
0.4505313038825989
0.44266021251678467
0.5596855878829956
0.49597400426864624
0.4728713929653168
0.411823570728302
0.4989793002605438
0.5038328170776367
0.4251275360584259
0.45049694180488586
0.5805313587188721
0.4551505446434021
0.3243797719478607
0.43905407190322876
0.48357847332954407
0.33229440450668335
0.2757626175880432
0.5975876450538635
0.3739416301250458
0.4450778365135193
0.5177592635154724
0.5764093995094299
0.5275992751121521
0.48200345039367676
0.41027817130088806
0.3946889340877533
0.5655508637428284
0.49256202578544617
0.5515503287315369
0.4584471881389618
0.5014598369598389
0.609637975692749
0.35223111510276794
0.49062392115592957
0.5247560739517212
0.36606380343437195
0.5087984204292297
0.5192673206329346
0.516316831111908
0.46528351306915283
0.5680326819419861
0.5197930932044983
0.3999577760696411
0.42050740122795105
0.40421727299690247
0.37801608443260193
0.47167932987213135
0.3774309456348419
0.4236687123775482
0.29253581166267395
0.38674429059028625
0.5171071887016296
0.4465576112270355
0.4129541218280792
0.48066163063049316
0.4665805399417877
0.46131205558776855
0.5535491108894348
0.5121925473213196
0.39687904715538025
0.4592146873474121
0.4659154415130615
0.35811445116996765
0.464546263217926
0.4611251950263977
0.49157795310020447
0.5400959253311157
0.4398886263370514
0.3215046226978302
0.40802323818206787
0.33847829699516296
0.5163207054138184
0.46896597743034363
0.4001728594303131
0.3216768503189087
0.6414334774017334
0.4312483072280884
0.4594767093658447
0.4740960896015167
0.5227943658828735
0.4435603618621826
0.46208012104034424
0.5819639563560486
0.47393542528152466
0.45472803711891174
0.44110044836997986
0.4152747392654419
0.36975857615470886
0.49246615171432495
0.3280186355113983
0.3854435384273529
0.4362063705921173
0.27548453211784363
0.4714452028274536
0.2884560525417328
0.41854584217071533
0.5374690294265747
0.3853701651096344
0.4539484679698944
0.44486239552497864
0.3288743197917938
0.3688429296016693
0.6175144910812378
0.503835141658783
0.44693976640701294
0.4237079322338104
0.3732493817806244
0.2551475167274475
0.4159751832485199
0.3532572388648987
0.3390105068683624
0.463339626789093
0.3920346796512604
0.2908945679664612
0.4799664318561554
0.3873326778411865
0.44949525594711304
0.4377535581588745
0.4662235379219055
0.391696572303772
0.4213513433933258
0.406233012676239
0.46070462465286255
0.2924439013004303
0.4131019115447998
0.30061325430870056
0.4099685847759247
0.38599079847335815
0.4017907977104187
0.5770070552825928
0.4153692126274109
0.40934810042381287
0.5265354514122009
0.36652326583862305
0.4632114768028259
0.35551732778549194
0.4050799608230591
0.28338560461997986
0.4307248592376709
0.3340551555156708
0.45706912875175476
0.4784891605377197
0.3271297514438629
0.35642606019973755
0.3790206015110016
0.2400534451007843
0.37031906843185425
0.36062929034233093
0.33076012134552
0.4534607529640198
0.3307894170284271
0.3602628707885742
0.360027939081192
0.5263246893882751
0.304243266582489
0.40970009565353394
0.30783259868621826
0.42301642894744873
0.21138176321983337
0.3480571508407593
0.19583161175251007
0.2668807804584503
0.24843694269657135
0.29287928342819214
0.35513123869895935
0.23125797510147095
0.34136730432510376
0.24242472648620605
0.3697623312473297
0.433511883020401
0.47303569316864014
0.31992489099502563
0.2853592336177826
0.45707887411117554
0.36325353384017944
0.3514374792575836
0.3097585141658783
0.3663037419319153
0.2766798734664917
0.237526074051857
0.2923239469528198
0.35435113310813904
0.42632004618644714
0.32925358414649963
0.3043363392353058
0.344032883644104
0.3669225573539734
0.4049059748649597
0.22673022747039795
0.32894453406333923
0.453708291053772
0.3251603841781616
0.2672852575778961
0.33295851945877075
0.24542300403118134
0.39090093970298767
0.3872074782848358
0.27156829833984375
0.2883774936199188
0.3855665326118469
0.30989107489585876
0.32095882296562195
0.30876705050468445
0.45250487327575684
0.28875336050987244
0.3138860762119293
0.38932541012763977
0.21541015803813934
0.2767258584499359
0.2933540344238281
0.27036070823669434
0.4328038692474365
0.32300835847854614
0.3819466233253479
0.3418235778808594
0.24607586860656738
0.24738766252994537
0.31627967953681946
0.29210400581359863
0.38931238651275635
0.276917427778244
0.29735681414604187
0.33043575286865234
0.295289546251297
0.25288814306259155
0.24862517416477203
0.2800528109073639
0.33241769671440125
0.3366153836250305
0.25660231709480286
0.4061383605003357
0.28478047251701355
0.2664138376712799
0.48512330651283264
0.421514630317688
0.2937771677970886
0.2858848571777344
0.35249167680740356
0.2202875018119812
0.3674512505531311
0.3414713740348816
0.35740333795547485
0.401623398065567
0.3023625314235687
0.19459745287895203
0.3072246313095093
0.407725989818573
0.3257395029067993
0.4188167154788971
0.3754635751247406
0.361974835395813
0.20005755126476288
0.34914690256118774
0.31246745586395264
0.18806256353855133
0.2781398892402649
0.3218459486961365
0.4070266783237457
0.519135594367981
0.3873416483402252
0.3668173849582672
0.3774798810482025
0.26151028275489807
0.29346534609794617
0.3648395836353302
0.2879709005355835
0.298056036233902
0.27856752276420593
0.2831200957298279
0.36587682366371155
0.35972002148628235
0.24194975197315216
0.4046748876571655
0.4113212823867798
0.3846069872379303
0.4241119921207428
0.3644603192806244
0.3182775378227234
0.338826447725296
0.3327046036720276
0.31457534432411194
0.46977001428604126
0.31041133403778076
0.25037556886672974
0.3862817585468292
0.2517175078392029
0.3051562011241913
0.389548122882843
0.2816372215747833
0.20820406079292297
0.43754133582115173
0.28996095061302185
0.4679158329963684
0.3939705789089203
0.24400757253170013
0.42270201444625854
0.2419511079788208
0.3035202920436859
0.24068859219551086
0.3194535970687866
0.32527875900268555
0.48942142724990845
0.39149853587150574
0.6326290965080261
0.2532312572002411
0.2055358737707138
0.35495132207870483
0.35934674739837646
0.3663289248943329
0.3259432911872864
0.2787517309188843
0.2929562032222748
0.38409343361854553
0.35436931252479553
0.371998131275177
0.4758096933364868
0.513155460357666
0.3006705641746521
0.2300804704427719
0.310542494058609
0.3320387005805969
0.27301403880119324
0.2372438907623291
0.2754342257976532
0.2515658438205719
0.5310271382331848
0.5365784168243408
0.28335559368133545
0.2803767919540405
0.28988713026046753
0.3826996386051178
0.26809197664260864
0.32342132925987244
0.4661741852760315
0.27529239654541016
0.2545580267906189
0.3824841380119324
0.46136754751205444
0.24464833736419678
0.26327425241470337
0.22624368965625763
0.32548192143440247
0.36863401532173157
0.4457368850708008
0.3185780346393585
0.2929566204547882
0.21136420965194702
0.29969462752342224
0.27687013149261475
0.36906978487968445
0.2957301735877991
0.40978607535362244
0.3597857356071472
0.23228420317173004
0.19547796249389648
0.4426132142543793
0.3031718134880066
0.3458733856678009
0.33496326208114624
0.2745138108730316
0.2642586827278137
0.24570144712924957
0.24434109032154083
0.21907922625541687
0.2937639057636261
0.19132700562477112
0.2800530195236206
0.38139650225639343
0.320009708404541
0.26724880933761597
0.27937474846839905
0.4141496419906616
0.30267566442489624
0.34073805809020996
0.26310378313064575
0.22833935916423798
0.3238627314567566
0.3723702132701874
0.2957732379436493
0.20896749198436737
0.4028719961643219
0.38422074913978577
0.2590513825416565
0.2412630319595337
0.2935728430747986
0.37123051285743713
0.32829684019088745
0.266149640083313
0.20136770606040955
0.35444021224975586
0.2720748782157898
0.4361388087272644
0.3109920620918274
0.3629288673400879
0.24504150450229645
0.22432491183280945
0.3213566243648529
0.34901419281959534
0.3676185607910156
0.21787045896053314
0.24306485056877136
0.1800149828195572
0.3106865882873535
3.48638653755188

0.28425607085227966
6.438212871551514
3.6255552768707275
2.084789514541626
1.833480954170227
1.7738245725631714
1.5836135149002075
1.370741844177246
1.1521319150924683
1.1168211698532104
1.2159311771392822
1.0344581604003906
1.0636379718780518
1.0706394910812378
0.9331484436988831
1.087027668952942
0.8345561027526855
0.866402268409729
0.9514170289039612
0.8325255513191223
0.9097703695297241
1.0129715204238892
1.032826542854309
1.0552583932876587
0.8442438840866089
1.7157976627349854
0.8281445503234863
0.937329113483429
0.9756944179534912
0.7791963219642639
0.9940275549888611
0.9851881265640259
1.2491838932037354
1.0770927667617798
0.9510144591331482
0.9401580095291138
0.82204270362854
0.8238228559494019
0.954116702079773
0.9647921919822693
0.8246772885322571
0.8228753209114075
0.7415904998779297
0.8239952325820923
0.5834270715713501
0.879744827747345
0.7316356897354126
0.6189418435096741
0.8652207851409912
0.7127975821495056
0.6685472726821899
0.8487605452537537
0.7878994345664978
0.9692662358283997
0.8806397914886475
0.7230068445205688
0.7853835225105286
0.7502432465553284
0.6865452527999878
0.8791884183883667
0.9480727314949036
0.8500497937202454
0.7160276770591736
0.7949048280715942
0.6492919325828552
0.6624763011932373
0.5842334032058716
0.653775691986084
0.7426304817199707
0.77546626329422
0.59712815284729
0.6715162396430969
0.8620307445526123
0.665799081325531
0.5408978462219238
0.5216425657272339
0.6671891212463379
0.6624858379364014
0.6376752853393555
0.7818536758422852
0.6810652017593384
0.733081042766571
0.5857261419296265
0.5816077589988708
0.5621969699859619
0.5600277185440063
0.6731696724891663
0.6301534175872803
0.5757836699485779
0.6298506855964661
0.689789891242981
0.5928624272346497
0.676741361618042
0.6629102230072021
0.606774628162384
0.7325161099433899
0.5801272988319397
0.4845399260520935
0.5752029418945312
0.5932772755622864
0.5491104125976562
0.5647812485694885
0.5799837112426758
0.5611399412155151
0.5578888654708862
0.4753245711326599
0.5689215064048767
0.5479928851127625
0.6095699667930603
0.577092707157135
0.6699845790863037
0.6949059963226318
0.4220561385154724
0.49711117148399353
0.6894051432609558
0.6388556957244873
0.5645041465759277
0.7118635773658752
0.6313151121139526
0.4236919581890106
0.46817320585250854
0.5923662781715393
0.5407031774520874
0.4615059196949005
0.8101109862327576
0.6775031089782715
0.5545318722724915
0.5378457307815552
0.6126744747161865
0.4314931333065033
0.4871988892555237
0.5029217600822449
0.6100128889083862
0.6328991055488586
0.41540220379829407
0.48376238346099854
0.5269426703453064
0.523265540599823
0.6201954483985901
0.5314827561378479
0.5546640753746033
0.4971138536930084
0.39207834005355835
0.5226118564605713
0.47983384132385254
0.677250325679779
0.43067675828933716
0.3840094208717346
0.733450174331665
0.47843658924102783
0.5851613283157349
0.47788894176483154
0.4452632665634155
0.8334264159202576
0.5328771471977234
0.7727954983711243
0.5606750249862671
0.5428694486618042
0.5367118716239929
0.5186857581138611
0.7815398573875427
0.4798182249069214
0.46778422594070435
0.5840627551078796
0.5086567997932434
0.5233727693557739
0.5567933320999146
0.38346779346466064
0.4401242434978485
0.564018964767456
0.47956913709640503
0.5073550939559937
0.5253517627716064
0.4309860169887543
0.4258159101009369
0.3811635375022888
0.5170863270759583
0.5630649924278259
0.5161603689193726
0.4792155921459198
0.5434058904647827
0.5262964963912964
0.55246502161026
0.47522127628326416
0.5620220899581909
0.47588905692100525
0.6918651461601257
0.6702432036399841
0.46394991874694824
0.35622382164001465
0.534015417098999
0.4980558753013611
0.43574991822242737
0.46669474244117737
0.5883845090866089
0.5359811782836914
0.5660790205001831
0.4964972734451294
0.45328423380851746
0.4896899461746216
0.45384812355041504
0.44646212458610535
0.3656858205795288
0.42946165800094604
0.4523719549179077
0.36320459842681885
0.38550862669944763
0.4727901518344879
0.5224405527114868
0.5487359762191772
0.5316032767295837
0.6504720449447632
0.5231019258499146
0.4838692247867584
0.3629922866821289
0.5451236963272095
0.478257417678833
0.4883517324924469
0.4186667501926422
0.32302019000053406
0.45452213287353516
0.45791301131248474
0.3736560046672821
0.48333242535591125
0.46271607279777527
0.5109463334083557
0.408005028963089
0.44338491559028625
0.6021527051925659
0.46616101264953613
0.3862259089946747
0.3296520709991455
0.5863379240036011
0.2856014370918274
0.5687915086746216
0.4340909719467163
0.5858235955238342
0.3025704026222229
0.45452678203582764
0.49398380517959595
0.3975847363471985
0.4856036603450775
0.2993585765361786
0.4281247854232788
0.3983696699142456
0.5056841969490051
0.3036915063858032
0.3934561610221863
0.4020015001296997
0.4243771731853485
0.367479532957077
0.4287487268447876
0.32982921600341797
0.43321457505226135
0.3712845742702484
0.42837759852409363
0.342227041721344
0.38099566102027893
0.2901902198791504
0.32350435853004456
0.46883246302604675
0.33590805530548096
0.29131871461868286
0.5298157930374146
0.441729873418808
0.28515157103538513
0.4695836305618286
0.3318101763725281
0.4517870843410492
0.3941023349761963
0.5114368200302124
0.4092230498790741
0.44841817021369934
0.38247257471084595
0.3220368027687073
0.573480486869812
0.39439821243286133
0.42690062522888184
0.511658787727356
0.529499351978302
0.2855995297431946
0.42173781991004944
0.4416637718677521
0.4276520311832428
0.5055233240127563
0.4169941842556
0.36047443747520447
0.4438794255256653
0.3118376135826111
0.26824530959129333
0.33307474851608276
0.5331441164016724
0.35296183824539185
0.4507722854614258
0.4080629348754883
0.3930163085460663
0.363604873418808
0.4043518006801605
0.2680261731147766
0.5736560225486755
0.6334822177886963
0.2163645625114441
0.5084508061408997
0.5805941820144653
0.6406088471412659
0.24312733113765717
0.526551365852356
0.26999083161354065
0.3092789053916931
0.40685567259788513
0.3719586431980133
0.4143926501274109
0.5702439546585083
0.244855135679245
0.38190820813179016
0.38880524039268494
0.41739556193351746
0.49993014335632324
0.4154368042945862
0.4546225965023041
0.39936643838882446
0.37196990847587585
0.3631291687488556
0.31155216693878174
0.2941663861274719
0.5602088570594788
0.42028436064720154
0.33115848898887634
0.3324125111103058
0.4792003631591797
0.6422777771949768
0.33887389302253723
0.3762792944908142
0.2570079565048218
0.38953232765197754
0.40505117177963257
0.4361800253391266
0.325895220041275
0.3457786440849304
0.43944138288497925
0.36259472370147705
0.29749175906181335
0.3258596360683441
0.4542894661426544
0.364231139421463
0.4209114909172058
0.3733961284160614
0.296661376953125
0.4250414967536926
0.33114564418792725
0.24208596348762512
0.3543506860733032
0.28578856587409973
0.3720173239707947
0.4110438823699951
0.42545071244239807
0.29179832339286804
0.36303842067718506
0.3258845806121826
0.3701515197753906
0.498610258102417
0.31166642904281616
0.3129231333732605
0.4167979061603546
0.4565505087375641
0.31100502610206604
0.1908208578824997
0.4244050979614258
0.3147393763065338
0.2662160098552704
0.2888825833797455
0.2864536941051483
0.2723396122455597
0.4978455603122711
0.38536155223846436
0.3445949852466583
0.2798346281051636
0.2819502651691437
0.3353095054626465
0.33008018136024475
0.36628156900405884
0.3669556677341461
0.30867213010787964
0.24530266225337982
0.34784775972366333
0.2935478389263153
0.2015012800693512
0.37440237402915955
0.3348608613014221
0.32941335439682007
0.2954555153846741
0.2815016210079193
0.3168776035308838
0.3861115276813507
0.39395633339881897
0.30063989758491516
0.3005560636520386
0.27272742986679077
0.34291645884513855
0.3327803611755371
0.3129581809043884
0.2891278564929962
0.3136831820011139
0.32944947481155396
0.2475309669971466
0.3051752746105194
0.23643328249454498
0.4253554344177246
0.2684248089790344
0.4190932810306549
0.3936590254306793
0.4039798080921173
0.27417588233947754
0.38910165429115295
0.4411245882511139
0.32416585087776184
0.23797228932380676
0.2533230483531952
0.21103179454803467
0.33012253046035767
0.3184441328048706
0.39285382628440857
0.2830618917942047
0.37828847765922546
0.34835031628608704
0.25495174527168274
0.33678340911865234
0.3939257562160492
0.3489600419998169
0.26826074719429016
0.2976437211036682
0.2872016727924347
0.39337530732154846
0.39182817935943604
0.3448706269264221
0.2611798644065857
0.3125770092010498
0.3016892075538635
0.37647485733032227
0.5150954127311707
0.47417402267456055
0.25766077637672424
0.2977040410041809
0.4070418179035187
0.2816489636898041
0.24429652094841003
0.3562922775745392
0.37612760066986084
0.2869020104408264
0.30266883969306946
0.23538152873516083
0.19235597550868988
0.22587652504444122
0.2884644865989685
0.338694304227829
0.28627830743789673
0.2578592002391815
0.3612450063228607
0.188113734126091
0.20522964000701904
0.3244495093822479
0.2401132583618164
0.3629474341869354
0.34958416223526
0.2698427438735962
0.4355555474758148
0.3180631995201111
0.37530517578125
0.3877466022968292
0.2844356894493103
0.4859221875667572
0.36991631984710693
0.33420100808143616
0.33370447158813477
0.3576548397541046
0.33744528889656067
0.24777817726135254
0.23609229922294617
0.31732600927352905
0.3198821246623993
0.2710609436035156
0.32998988032341003
0.3654358983039856
0.36092856526374817
0.2675456404685974
0.2746903598308563
0.2806425094604492
0.24611614644527435
0.2770371437072754
0.35247766971588135
0.43814125657081604
0.48997989296913147
0.3205317556858063
0.3010179400444031
0.3580479323863983
0.41582122445106506
0.3542850911617279
0.24444882571697235
0.19945606589317322
0.26064103841781616
0.23310992121696472
0.2743096649646759
0.1983359158039093
0.37374353408813477
0.28811120986938477
0.41355133056640625
0.38219520449638367
0.32739055156707764
0.2583998739719391
0.23307472467422485
0.3107478618621826
0.2954426407814026
0.36262381076812744
0.35798314213752747
0.3522585928440094
0.3344501256942749
0.32275205850601196
0.2135351151227951
0.39210203289985657
0.26973310112953186
0.41883304715156555
0.36022529006004333
0.4128569960594177
0.32828888297080994
0.49721288681030273
0.2843656539916992
0.37680962681770325
0.17462275922298431
0.49626970291137695
0.25605469942092896
0.2989169955253601
0.27394065260887146
0.24462023377418518
0.3853093981742859
0.458874374628067
0.4051694869995117
0.28696832060813904
0.2227400243282318
0.21385878324508667
0.2767275869846344
0.34993958473205566
0.3048965036869049
0.3466946482658386
0.28732049465179443
0.24040742218494415
0.3312891125679016
0.46827003359794617
0.2451993227005005
0.25967663526535034
0.23524366319179535
0.3519231677055359
0.30483728647232056
0.43448227643966675
0.21907079219818115
0.19142204523086548
0.37480971217155457
0.2670609951019287
0.39824965596199036
0.2559591829776764
0.21645958721637726
0.32900431752204895
0.2671572268009186
0.2530762255191803
0.19365012645721436
0.23636934161186218
0.3353523015975952
0.19725655019283295
0.257578045129776
0.3378414809703827
0.18055614829063416
0.22115379571914673
0.254288911819458
0.2991976737976074
0.21550968289375305
0.33207613229751587
0.2690061926841736
0.2554810643196106
0.13662444055080414
0.3733243942260742
0.1647833287715912
0.19596897065639496
0.20626571774482727
0.24232177436351776
0.267848938703537
0.17514057457447052
0.23419667780399323
0.2966700792312622
0.18713784217834473
0.262350469827652
0.41690176725387573
0.21195702254772186
0.3398560583591461
0.33334213495254517
0.2466573566198349
0.37279245257377625
0.2854895293712616
0.28456801176071167
0.35024529695510864
0.2588774561882019
0.23159384727478027
0.41695186495780945
0.3026834726333618
0.31742921471595764
0.40398380160331726
0.44822216033935547
0.28698793053627014
0.4119260907173157
0.2591418921947479
0.31067410111427307
0.19901829957962036
0.43311312794685364
0.34535863995552063
0.29672959446907043
0.24360325932502747
0.2659727931022644
0.4133451282978058
0.25665366649627686
0.30154508352279663
0.2894883453845978
0.34621548652648926
0.21633607149124146
0.3608086407184601
0.2905478775501251
0.33687490224838257
0.34450972080230713
0.29871734976768494
0.27883076667785645
0.2730505168437958
0.3639030158519745
0.2983191907405853
0.2815784811973572
0.27624380588531494
0.3766155540943146
0.33885252475738525
0.27266740798950195
0.24043422937393188
0.31865039467811584
0.3282022178173065
0.27637869119644165
0.3829902410507202
0.2688041627407074
0.3089280128479004
0.2520555257797241
0.26109111309051514
0.2610045373439789
0.3590179681777954
0.2861189544200897
0.2375565618276596
0.3085019886493683
0.2831500172615051
0.3131246864795685
0.29809316992759705
0.3781682252883911
0.27773135900497437
0.2086586356163025
0.2763935625553131
0.36070162057876587
0.23541057109832764
0.29100650548934937
0.2456064224243164
0.44103488326072693
0.2653498649597168
0.44702714681625366
0.1968163549900055
0.26293662190437317
0.42303210496902466
0.2220449000597
0.30332377552986145
0.32656246423721313
0.199052095413208
0.20919151604175568
0.20726381242275238
0.21285498142242432
0.26162540912628174
0.31809064745903015
0.2367691844701767
0.34870272874832153
0.25614407658576965
0.23838721215724945
0.2945479452610016
0.18988832831382751
0.28482750058174133
0.3410610854625702
0.22819659113883972
0.33896729350090027
0.2958296239376068
0.22401127219200134
0.23384755849838257
0.264532208442688
0.34999382495880127
0.28879377245903015
0.2019065022468567
0.24341356754302979
0.1791469156742096
0.23759758472442627
0.27043065428733826
0.20685744285583496
0.21887055039405823
0.19495470821857452
0.2934269905090332
0.1995811015367508
0.250215619802475
0.2861400544643402
1.4222303628921509

0.296987384557724
7.349280834197998
3.013955593109131
2.3362066745758057
2.1379334926605225
1.5486339330673218
2.023298978805542
1.653486967086792
1.5772995948791504
1.189469814300537
1.457599401473999
1.3434325456619263
1.2149734497070312
1.1498459577560425
1.2743310928344727
1.1192810535430908
1.1302260160446167
1.1701552867889404
1.0373082160949707
1.1055212020874023
1.1955581903457642
1.02848482131958
1.0503833293914795
0.9215360879898071
1.029672384262085
1.0648882389068604
0.9826301336288452
1.0624545812606812
1.0196871757507324
0.9448436498641968
1.0534695386886597
0.9049791693687439
1.0394355058670044
1.0084233283996582
0.947056233882904
0.8771070837974548
0.9596999287605286
0.9129465222358704
0.8578231334686279
0.8875835537910461
0.8634254336357117
0.7778276801109314
0.9553795456886292
0.9860734939575195
0.8698567152023315
0.8521732091903687
0.9116063117980957
0.8131649494171143
0.9311507940292358
0.8569129705429077
0.9105631113052368
0.9712235927581787
0.8930476903915405
0.854766845703125
0.8033793568611145
0.8289603590965271
0.8431082963943481
0.7074398398399353
0.9602299332618713
0.7849755883216858
0.5617899298667908
0.7917847037315369
0.8252182006835938
0.7555246949195862
0.8587989211082458
0.8594889640808105
0.8043984770774841
0.8903990387916565
0.8133037686347961
0.6381451487541199
0.8381969928741455
0.8820064067840576
0.7818211913108826
0.6759030818939209
0.7218232154846191
0.7377356290817261
0.7968398332595825
0.7869299054145813
0.7337803840637207
0.5359640717506409
0.6811021566390991
0.626102089881897
0.6865620017051697
0.6592139601707458
0.6774389743804932
0.8063327074050903
0.6258394122123718
0.7765746116638184
0.8397657871246338
1.0568089485168457
0.5287050604820251
0.7295272946357727
0.5984198451042175
0.6509150862693787
0.6762971878051758
0.6982197165489197
0.6892397999763489
0.6073334813117981
0.6400225758552551
0.7154276967048645
0.5970284342765808
0.5753781795501709
0.641808271408081
0.8050762414932251
0.5809126496315002
0.5863128304481506
0.65448397397995
0.621600329875946
0.8095188140869141
0.8567638397216797
0.5824097990989685
0.6026297211647034
0.4891825020313263
0.6549949049949646
0.6315114498138428
0.8122676014900208
0.6128737926483154
0.6763667464256287
0.9689021706581116
0.48931950330734253
0.6066445112228394
0.6477739214897156
0.6051729321479797
0.7010209560394287
0.5332534313201904
0.6022549271583557
0.6288890242576599
0.6732438206672668
0.5923151969909668
0.6568776369094849
0.6993684768676758
0.5365636944770813
0.6554732322692871
0.4584680199623108
0.5713337063789368
0.718731164932251
0.6068168878555298
0.5390598773956299
0.634035587310791
0.5301455855369568
0.7215293049812317
0.5354081392288208
0.4820365607738495
0.763751208782196
0.603639543056488
0.6693158149719238
0.8166125416755676
0.5009549260139465
0.5299466848373413
0.732158899307251
0.6515643000602722
0.5721304416656494
0.5831079483032227
0.5875867009162903
0.738873302936554
0.5574985146522522
0.44110727310180664
0.46134254336357117
0.6422881484031677
0.5014236569404602
0.4042256474494934
0.6877695322036743
0.559272825717926
0.5365998148918152
0.5810417532920837
0.5386812090873718
0.5451326370239258
0.4980155825614929
0.5360362529754639
0.605574369430542
0.5087151527404785
0.5724943280220032
0.5012146830558777
0.4724513590335846
0.7151719331741333
0.592387855052948
0.8282836675643921
0.5074474811553955
0.42150017619132996
0.37393006682395935
0.30996450781822205
0.4857064485549927
0.40248343348503113
0.416047066450119
0.6777186989784241
0.4430008828639984
0.5535432696342468
0.6229799389839172
0.5062897801399231
0.6421226263046265
0.5042229890823364
0.5884697437286377
0.5150647163391113
0.5591808557510376
0.5141541957855225
0.5215715765953064
0.39877837896347046
0.4840348958969116
0.5081239342689514
0.5196126699447632
0.4288060665130615
0.6991183161735535
0.4784338176250458
0.7217268943786621
0.4851568043231964
0.46212658286094666
0.5849627256393433
0.5308514833450317
0.5829910635948181
0.5376006960868835
0.503990113735199
0.46339622139930725
0.4350387454032898
0.6577309966087341
0.4760727882385254
0.6010010242462158
0.5755612850189209
0.45751315355300903
0.5335626006126404
0.5540238618850708
0.49661844968795776
0.5662928223609924
0.6592214703559875
0.43199965357780457
0.665099024772644
0.6003035306930542
0.6736883521080017
0.6292456388473511
0.5046219229698181
0.42623963952064514
0.3886462152004242
0.6060540676116943
0.4995913803577423
0.42748895287513733
0.4798740744590759
0.4936559200286865
0.43215247988700867
0.8605222702026367
0.36584237217903137
0.45320117473602295
0.36070555448532104
0.3308486342430115
0.4044003486633301
0.44852185249328613
0.43534472584724426
0.36804065108299255
0.2678000032901764
0.4486292898654938
0.33068230748176575
0.44219040870666504
0.3069939613342285
0.520916223526001
0.3650789260864258
0.47400420904159546
0.31382057070732117
0.5077095031738281
0.35915568470954895
0.459781676530838
0.5743162631988525
0.4959205985069275
0.35792773962020874
0.3951663374900818
0.3345004618167877
0.387999564409256
0.5104955434799194
0.4045119881629944
0.4664107859134674
0.4525166153907776
0.567924976348877
0.405076265335083
0.3454369902610779
0.4538130760192871
0.5049950480461121
0.5310457944869995
0.46639570593833923
0.5801385045051575
0.322029709815979
0.3904981017112732
0.31867560744285583
0.4793369770050049
0.41416996717453003
0.4325954020023346
0.49609628319740295
0.3661331534385681
0.5888078808784485
0.4382595419883728
0.38308990001678467
0.5191860198974609
0.3018738925457001
0.3843833804130554
0.38438451290130615
0.44810378551483154
0.4926730692386627
0.4489728510379791
0.41916602849960327
0.4271896481513977
0.3232075273990631
0.5135418176651001
0.46065753698349
0.4207841455936432
0.7162607312202454
0.3578144907951355
0.36122092604637146
0.40141016244888306
0.39398708939552307
0.36684271693229675
0.4391278028488159
0.46750450134277344
0.4014737606048584
0.40684008598327637
0.38750144839286804
0.39311832189559937
0.27667611837387085
0.32366809248924255
0.5749748945236206
0.6865378618240356
0.3388662040233612
0.3171619772911072
0.4293917119503021
0.45608651638031006
0.36468005180358887
0.5654425621032715
0.2900642156600952
0.470229834318161
0.3590622544288635
0.3798994719982147
0.47116783261299133
0.41719692945480347
0.4373161792755127
0.37253034114837646
0.4879542291164398
0.3013961911201477
0.4926826059818268
0.4108950197696686
0.44783997535705566
0.40073153376579285
0.4993625581264496
0.455319344997406
0.37237876653671265
0.4158279597759247
0.30540701746940613
0.34186720848083496
0.32938772439956665
0.3190957009792328
0.2519788444042206
0.3047611713409424
0.4246128499507904
0.29523199796676636
0.4662916660308838
0.3223035931587219
0.4874894320964813
0.41227319836616516
0.30426791310310364
0.28381165862083435
0.3220045566558838
0.32559725642204285
0.39266470074653625
0.4125920534133911
0.43612465262413025
0.32894080877304077
0.4740322530269623
0.3555118441581726
0.26763680577278137
0.3179224133491516
0.3757835924625397
0.3952767848968506
0.4278295338153839
0.31823208928108215
0.27280324697494507
0.31199806928634644
0.34624120593070984
0.2992192804813385
0.22804725170135498
0.30514758825302124
0.37911224365234375
0.334474116563797
0.4401477575302124
0.2845686972141266
0.4419260025024414
0.3140273094177246
0.3394281268119812
0.2617108225822449
0.4148080348968506
0.26024627685546875
0.43110495805740356
0.36688289046287537
0.25504541397094727
0.4024372100830078
0.44669872522354126
0.34420421719551086
0.3007631301879883
0.32674479484558105
0.2223571091890335
0.26672911643981934
0.47346967458724976
0.31388887763023376
0.34345880150794983
0.3385114073753357
0.46532195806503296
0.3594399690628052
0.39757227897644043
0.31343838572502136
0.3579215407371521
0.3719523251056671
0.41907840967178345
0.31226664781570435
0.4017491638660431
0.310031920671463
0.5140009522438049
0.3165559768676758
0.3397943675518036
0.35612377524375916
0.2632438838481903
0.38774460554122925
0.41282153129577637
0.287352979183197
0.3098650574684143
0.3356808125972748
0.29385247826576233
0.502558708190918
0.2476702183485031
0.19603228569030762
0.26228684186935425
0.39173367619514465
0.287985235452652
0.38946500420570374
0.267956018447876
0.4648038148880005
0.2988380491733551
0.2583378553390503
0.3281177580356598
0.34785395860671997
0.3440451920032501
0.4168887138366699
0.429784893989563
0.3649672269821167
0.40594175457954407
0.32837164402008057
0.36880040168762207
0.48043587803840637
0.44095557928085327
0.36028003692626953
0.3250686228275299
0.3621795177459717
0.30332210659980774
0.43202272057533264
0.5183777809143066
0.3378675878047943
0.2320837676525116
0.373991996049881
0.46773526072502136
0.3131718039512634
0.35875970125198364
0.48320505023002625
0.3829609155654907
0.4478391706943512
0.3262949585914612
0.5055283308029175
0.24722805619239807
0.42959678173065186
0.3617100715637207
0.436399906873703
0.4740133583545685
0.5359207987785339
0.398495614528656
0.3657592236995697
0.3497653603553772
0.42480629682540894
0.4495941996574402
0.40923207998275757
0.2906728982925415
0.33406326174736023
0.4304716885089874
0.44392096996307373
0.4545208215713501
0.3423934578895569
0.2599959075450897
0.27303749322891235
0.4091256260871887
0.4134548604488373
0.3762738108634949
0.32581353187561035
0.31392431259155273
0.3122890293598175
0.4775603711605072
0.272697776556015
0.19225537776947021
0.43994101881980896
0.22930429875850677
0.1762205809354782
0.28343966603279114
0.30949386954307556
0.33611294627189636
0.2945685386657715
0.30159077048301697
0.3485505282878876
0.2671588659286499
0.33336341381073
0.3120266795158386
0.36518198251724243
0.4483858048915863
0.2653210759162903
0.4957290291786194
0.30115312337875366
0.3162885308265686
0.4629988968372345
0.3185748755931854
0.24298007786273956
0.2995151877403259
0.3235710561275482
0.2632529139518738
0.3138582706451416
0.304521381855011
0.2774859368801117
0.30685603618621826
0.2859308421611786
0.3269997537136078
0.397667795419693
0.2708561420440674
0.3646167814731598
0.22832520306110382
0.391792893409729
0.30524083971977234
0.2265836000442505
0.29014769196510315
0.31339702010154724
0.36237239837646484
0.29134997725486755
0.3835303783416748
0.36339086294174194
0.2716764211654663
0.30453887581825256
0.35525932908058167
0.3054000735282898
0.42345932126045227
0.2902161180973053
0.30718278884887695
0.33742329478263855
0.3443077802658081
0.44663673639297485
0.28005537390708923
0.15147320926189423
0.2505634129047394
0.4342212975025177
0.33905479311943054
0.2708779275417328
0.1868022382259369
0.2810160517692566
0.24540235102176666
0.2663014531135559
0.2854841649532318
0.324268639087677
0.2172168642282486
0.3030148446559906
0.3784027099609375
0.2364661544561386
0.3573666512966156
0.2881523072719574
0.25807446241378784
0.20635072886943817
0.24500663578510284
0.25641095638275146
0.2751534879207611
0.2398296445608139
0.3032200336456299
0.3098998963832855
0.38683220744132996
0.26990413665771484
0.31161728501319885
0.35608789324760437
0.41407445073127747
0.27687618136405945
0.33780184388160706
0.2260981798171997
0.3982493579387665
0.506659209728241
0.45797207951545715
0.2153879553079605
0.297578364610672
0.3101362884044647
0.27588707208633423
0.34202060103416443
0.2197359949350357
0.3379332721233368
0.3708139955997467
0.44253912568092346
0.3663424849510193
0.2917107343673706
0.3445199131965637
0.25947168469429016
0.20076078176498413
0.3862030506134033
0.2788296043872833
0.34989961981773376
0.2636406719684601
0.2341049611568451
0.42858242988586426
0.3498573899269104
0.39891934394836426
0.26776036620140076
0.2173765003681183
0.2292928546667099
0.269233763217926
0.298101544380188
0.2755884528160095
0.24042268097400665
0.26249900460243225
0.29618534445762634
0.19650799036026
0.32003241777420044
0.29050034284591675
0.2820167541503906
0.3179920017719269
0.2531953454017639
0.26359421014785767
0.3145148456096649
0.2782075107097626
0.2771151065826416
0.3231923580169678
0.3805024325847626
0.22639603912830353
0.2309495508670807
0.18693961203098297
0.4201430380344391
0.4640566110610962
0.3134955167770386
0.3696489632129669
0.2914813160896301
0.22460851073265076
0.405335932970047
0.28000932931900024
0.2273358851671219
0.3473142385482788
0.4039658010005951
0.3150361180305481
0.2510872185230255
0.19872143864631653
0.23897048830986023
0.24999558925628662
0.3365718424320221
0.32612425088882446
0.2019120156764984
0.4843997359275818
0.4569205045700073
0.1270865947008133
0.30441945791244507
0.2904909551143646
0.29375407099723816
0.31562539935112
0.36207249760627747
0.21769855916500092
0.45591041445732117
0.26412758231163025
0.2762368619441986
0.2635529041290283
0.26857295632362366
0.4485696256160736
0.3008369207382202
0.32880115509033203
0.33118125796318054
0.2680114805698395
0.2305058240890503
0.2819533050060272
0.273981511592865
0.2562432289123535
0.1638839691877365
0.25289055705070496
0.2773704528808594
0.21997599303722382
0.36762934923171997
0.32105880975723267
0.19502831995487213
0.43436336517333984
0.2739220857620239
0.2226378470659256
0.22178420424461365
0.1806541532278061
0.24225646257400513
0.26890936493873596
0.19144850969314575
0.26660919189453125
0.1866188496351242
0.29514753818511963
0.2741532027721405
0.34252864122390747
0.30076929926872253
0.4188317656517029
0.19437958300113678
0.24322493374347687
0.24709898233413696
0.29688072204589844
0.22751584649085999
0.37912026047706604
0.15578755736351013
0.2676237225532532
0.19598263502120972
0.3038305640220642
0.28364789485931396
0.22788581252098083
0.23756283521652222
0.25414159893989563
0.2989481985569
0.10332944989204407
0.12446120381355286

0.21941964328289032
10.289422988891602
4.657020568847656
2.393268346786499
1.7532819509506226
1.6721056699752808
2.064591646194458
1.7755382061004639
1.647564172744751
1.4990707635879517
1.4197577238082886
1.526949167251587
1.3516428470611572
1.3536030054092407
1.154880404472351
1.4253745079040527
1.033549189567566
1.2967872619628906
1.7893540859222412
0.9669967293739319
1.1737264394760132
1.0748341083526611
0.9319097995758057
1.3118692636489868
1.6967493295669556
0.9664766788482666
1.07155179977417
0.9411879777908325
1.2643944025039673
1.089379906654358
0.9758331179618835
1.091516375541687
0.9692937731742859
0.8850314617156982
0.9413095116615295
1.0254713296890259
1.0561084747314453
1.0842405557632446
0.9450686573982239
0.8650719523429871
1.046268105506897
0.9833576679229736
1.1617538928985596
0.8911923766136169
0.9100719690322876
0.9097715020179749
1.2134346961975098
0.9255024790763855
0.9360396862030029
0.8413026332855225
0.8601229786872864
0.9593391418457031
0.9594310522079468
0.8156805634498596
0.8966730237007141
1.0565956830978394
1.0091785192489624
0.854641318321228
0.8730084896087646
0.974388837814331
0.9009807705879211
0.8212605118751526
0.8173021674156189
0.9357604384422302
0.956322968006134
0.7312682867050171
0.7460736036300659
0.8941914439201355
0.9531763792037964
1.010522723197937
0.9396824836730957
0.9386942982673645
1.0110630989074707
0.9492877125740051
0.8295809030532837
0.723614513874054
0.9198957681655884
0.7958107590675354
0.7226841449737549
0.8421507477760315
1.0016522407531738
0.9008776545524597
0.9091238975524902
0.8660491704940796
0.6989628672599792
0.6263912916183472
0.978324294090271
0.6899705529212952
0.9116335511207581
0.9026386141777039
0.6647660732269287
0.626874566078186
0.7221705317497253
0.9551177024841309
0.8840576410293579
0.8807874321937561
0.8836666941642761
1.0058577060699463
0.6559418439865112
0.8840357661247253
0.9369975328445435
0.7371146082878113
0.8448179960250854
0.8648459315299988
0.6594663858413696
0.810901403427124
0.8881064653396606
0.7530477046966553
0.6931355595588684
0.6974911093711853
0.774773359298706
0.7860607504844666
0.5957586765289307
0.5915788412094116
0.8353216648101807
0.8415822386741638
0.5835925936698914
0.8199832439422607
0.616215705871582
0.7049669623374939
0.6223700046539307
0.7659609913825989
0.6333711743354797
0.627357006072998
0.6559146046638489
0.6022341251373291
0.7692366242408752
0.4920480251312256
0.7221210598945618
0.847473680973053
0.9252350330352783
0.6968703866004944
0.6873698830604553
0.4814471900463104
0.7242139577865601
0.8194891810417175
0.6824266910552979
0.7841493487358093
0.8254963159561157
0.5132030248641968
0.653060793876648
0.8378556370735168
0.8181742429733276
0.7323434948921204
0.6072703003883362
0.6748849749565125
0.7667297124862671
0.59147047996521
0.6597806811332703
0.6149187088012695
0.689209520816803
0.7386584877967834
0.6557180881500244
0.5953145027160645
0.8245785236358643
0.7017906308174133
0.6571391820907593
0.5383179783821106
0.5956990122795105
0.7564404606819153
0.6445929408073425
0.5368439555168152
0.7577772736549377
0.6486967206001282
0.49130475521087646
0.6316537857055664
0.5520005226135254
0.6331162452697754
0.5958313941955566
0.499255508184433
0.6512177586555481
0.7196276187896729
0.5847270488739014
0.6460457444190979
0.6796760559082031
0.45921167731285095
0.6128242611885071
0.5552180409431458
0.5147303342819214
0.5598301291465759
0.5470317006111145
0.6070165634155273
0.4820023477077484
0.6828596591949463
0.3835557997226715
0.5982340574264526
0.6742212176322937
0.472537100315094
0.598467230796814
0.5934290289878845
0.691557765007019
0.6636705994606018
0.47398483753204346
0.5562658309936523
0.443223237991333
0.4839763343334198
0.6177856922149658
0.5183596014976501
0.4710870385169983
0.6406725645065308
1.179991602897644
0.5432749390602112
0.5317322015762329
0.5597370266914368
0.5421938300132751
0.5629648566246033
0.6194704174995422
0.5255418419837952
0.4538271725177765
0.5596618056297302
0.5443757176399231
0.5311525464057922
0.5167580842971802
0.5358866453170776
0.5673977136611938
0.4648808538913727
0.5370514392852783
0.7390027046203613
0.6100666522979736
0.592292308807373
0.5743224024772644
0.42109817266464233
0.5123385787010193
0.39158642292022705
0.45435547828674316
0.6084132790565491
0.5446212887763977
0.6530697345733643
0.4004530608654022
0.5949327945709229
0.5599289536476135
0.6264844536781311
0.3317304849624634
0.586082935333252
0.6523596048355103
0.4357913136482239
0.5033670663833618
0.6346232295036316
0.49841827154159546
0.3860170245170593
0.576543390750885
0.5545675754547119
0.4554797112941742
0.49141544103622437
0.3995051681995392
0.644982099533081
0.49344515800476074
0.5497973561286926
0.45014017820358276
0.4340626895427704
0.5027291774749756
0.3745676279067993
0.4678524136543274
0.3973357379436493
0.626550018787384
0.4408522844314575
0.5097554326057434
0.5216476917266846
0.5093244910240173
0.24616602063179016
0.39501047134399414
0.42922377586364746
0.4645006060600281
0.5000025033950806
0.5035607814788818
0.44343021512031555
0.37807008624076843
0.37756797671318054
0.41206955909729004
0.49860918521881104
0.4403294026851654
0.44866058230400085
0.3834587037563324
0.40034493803977966
0.4934636652469635
0.3055817186832428
0.48976701498031616
0.3553909957408905
0.4343395531177521
0.4127281904220581
0.374574214220047
0.5410284996032715
0.4504331946372986
0.43007028102874756
0.4763156771659851
0.3630536198616028
0.5150823593139648
0.3431585729122162
0.49511799216270447
0.4738217890262604
0.37777137756347656
0.4810088276863098
0.4257693588733673
0.3325934410095215
0.36899688839912415
0.38880184292793274
0.48574507236480713
0.49270525574684143
0.6256800293922424
0.43754851818084717
0.44606447219848633
0.41735905408859253
0.4960702359676361
0.3548771142959595
0.58356112241745
0.37040460109710693
0.44090259075164795
0.5374941825866699
0.355400025844574
0.23762938380241394
0.49443909525871277
0.3979872763156891
0.46862128376960754
0.37861159443855286
0.49455222487449646
0.5525009036064148
0.5095860362052917
0.3960205316543579
0.6339983940124512
0.33326148986816406
0.41560617089271545
0.4653772711753845
0.3897835314273834
0.32726654410362244
0.2507352828979492
0.5035017728805542
0.38052091002464294
0.5014327168464661
0.3544524610042572
0.3739314079284668
0.340999960899353
0.25654125213623047
0.34066954255104065
0.37848448753356934
0.41424986720085144
0.46915680170059204
0.43490979075431824
0.39486759901046753
0.35733762383461
0.39450302720069885
0.33074015378952026
0.3220127820968628
0.4453240633010864
0.43287205696105957
0.3882323205471039
0.23607903718948364
0.3760964870452881
0.3634229302406311
0.3070833384990692
0.45676693320274353
0.3910406827926636
0.6534025073051453
0.34272199869155884
0.3494144380092621
0.42714962363243103
0.3717992603778839
0.3662584125995636
0.376453161239624
0.3581583797931671
0.4875587821006775
0.694350004196167
0.4719196557998657
0.31605687737464905
0.5141083002090454
0.46130967140197754
0.30751797556877136
0.3632018566131592
0.3984946608543396
0.4476100504398346
0.33342164754867554
0.6268669366836548
0.4876899719238281
0.4407777786254883
0.36679691076278687
0.3090240955352783
0.3155120313167572
0.40230968594551086
0.24129422008991241
0.3629428446292877
0.4236587584018707
0.25971177220344543
0.4632479250431061
0.3775923550128937
0.25610172748565674
0.2454402893781662
0.41237884759902954
0.41827067732810974
0.30009883642196655
0.2906244695186615
0.3990703821182251
0.4240628480911255
0.29997020959854126
0.4520457983016968
0.24057608842849731
0.3753640353679657
0.24934113025665283
0.2790907025337219
0.2919796407222748
0.3251751959323883
0.2941959500312805
0.3388685882091522
0.4087578058242798
0.3809511661529541
0.42508387565612793
0.5345773696899414
0.3458656668663025
0.40333569049835205
0.4142796993255615
0.3934323191642761
0.411571204662323
0.5246397256851196
0.528744101524353
0.332980215549469
0.3619914650917053
0.3682372570037842
0.47218894958496094
0.23566924035549164
0.3707926273345947
0.3194824159145355
0.36294621229171753
0.26465845108032227
0.39125704765319824
0.38614246249198914
0.48498281836509705
0.4339838922023773
0.29565927386283875
0.3768100440502167
0.35569527745246887
0.30751416087150574
0.36068347096443176
0.35004138946533203
0.3557325601577759
0.26105400919914246
0.2704005241394043
0.5081138014793396
0.4708293378353119
0.3458363711833954
0.43154826760292053
0.2674170434474945
0.3018105924129486
0.4981318414211273
0.44241538643836975
0.44000908732414246
0.23247072100639343
0.5465742349624634
0.29253143072128296
0.32236525416374207
0.3846985101699829
0.2325368970632553
0.2141706794500351
0.2570117115974426
0.29895275831222534
0.430104523897171
0.2902486026287079
0.3079555034637451
0.2893061935901642
0.2636931240558624
0.37974634766578674
0.3805091679096222
0.39184340834617615
0.2624581456184387
0.29381462931632996
0.31216463446617126
0.34217357635498047
0.5523501634597778
0.39486563205718994
0.3297993838787079
0.433522492647171
0.4130260944366455
0.3230152726173401
0.28788062930107117
0.3027096390724182
0.3279147744178772
0.3271660804748535
0.23390717804431915
0.47882214188575745
0.30913716554641724
0.3267677128314972
0.25040513277053833
0.38596925139427185
0.2901029884815216
0.3625527024269104
0.42015939950942993
0.38891810178756714
0.38847559690475464
0.3236429989337921
0.3162362575531006
0.47780105471611023
0.3796007037162781
0.33513984084129333
0.45235055685043335
0.5165110230445862
0.3943466246128082
0.3358882963657379
0.5015960931777954
0.2563238739967346
0.4212634861469269
0.4170856773853302
0.3456416726112366
0.2857448160648346
0.2275586575269699
0.35867422819137573
0.3624690771102905
0.35070687532424927
0.4824448823928833
0.36303287744522095
0.3166497051715851
0.4577030539512634
0.2640315294265747
0.30960118770599365
0.41487443447113037
0.31168386340141296
0.3333202600479126
0.39032962918281555
0.32964828610420227
0.30193257331848145
0.3504098951816559
0.39090368151664734
0.4684107005596161
0.2850660979747772
0.31475862860679626
0.48741385340690613
0.3186119496822357
0.2209380865097046
0.4301716685295105
0.3729301393032074
0.38785964250564575
0.21992051601409912
0.32554155588150024
0.3981224596500397
0.3114739656448364
0.27711257338523865
0.3427761495113373
0.2522570490837097
0.4328957200050354
0.27206069231033325
0.3951141834259033
0.17123273015022278
0.2740773856639862
0.2518292963504791
0.30832093954086304
0.27157285809516907
0.18754328787326813
0.371155321598053
0.46901851892471313
0.2061525583267212
0.2755623459815979
0.46240875124931335
0.22930854558944702
0.24497361481189728
0.27996712923049927
0.3887273967266083
0.33414340019226074
0.43990617990493774
0.3254251182079315
0.5103545188903809
0.22673875093460083
0.37451955676078796
0.2604767978191376
0.4342048466205597
0.27757981419563293
0.39248156547546387
0.3669091761112213
0.5951632857322693
0.34999343752861023
0.27926647663116455
0.25233229994773865
0.2999846637248993
0.39374464750289917
0.36289140582084656
0.27389222383499146
0.30077841877937317
0.25667691230773926
0.402708500623703
0.22502762079238892
0.31047284603118896
0.3187711238861084
0.1895236074924469
0.38046497106552124
0.3745919466018677
0.2906546890735626
0.28082001209259033
0.4185541570186615
0.21253232657909393
0.2566704750061035
0.23187707364559174
0.275553435087204
0.2169966846704483
0.25366199016571045
0.24107608199119568
0.2502245008945465
0.29417216777801514
0.31517013907432556
0.294726699590683
0.2747500538825989
0.41621100902557373
0.22273418307304382
0.3018345534801483
0.27848243713378906
0.27225446701049805
0.36275050044059753
0.4194016456604004
0.22629496455192566
0.3289235830307007
0.249081090092659
0.17112791538238525
0.22243578732013702
0.19883106648921967
0.4108176827430725
0.3217408061027527
0.24314898252487183
0.3763655126094818
0.28811052441596985
0.36060279607772827
0.28911465406417847
0.4562768340110779
0.2745104432106018
0.2163728028535843
0.349019855260849
0.4108808934688568
0.35072392225265503
0.23948049545288086
0.2625180780887604
0.25661134719848633
0.18036824464797974
0.21120549738407135
0.4073403477668762
0.3471069931983948
0.22992925345897675
0.20987050235271454
0.3325115442276001
0.24023038148880005
0.29644206166267395
0.393066942691803
0.3131401836872101
0.2886229455471039
0.22358493506908417
0.21681757271289825
0.2943781614303589
0.26385200023651123
0.2875690162181854
0.3507625460624695
0.33483895659446716
0.2680704891681671
0.30910494923591614
0.2795511782169342
0.28922632336616516
0.2759581208229065
0.150727778673172
0.29086825251579285
0.2168002873659134
0.39463675022125244
0.29800495505332947
0.350784569978714
0.3391983211040497
0.33188942074775696
0.1933341771364212
0.36779746413230896
0.3505653142929077
0.2728319764137268
0.3277886211872101
0.32671400904655457
0.4055226445198059
0.19113019108772278
0.26040908694267273
0.2995181679725647
0.31478241086006165
0.2518029808998108
0.35201776027679443
0.38655805587768555
0.4167172312736511
0.29387080669403076
0.26188820600509644
0.24822965264320374
0.38963112235069275
0.24723613262176514
0.4093030095100403
0.2840091586112976
0.40987658500671387
0.40040284395217896
0.24014325439929962
0.21880461275577545
0.33049365878105164
0.2563433349132538
0.26895108819007874
0.29953816533088684
0.26500204205513
0.25813382863998413
0.3014107346534729
0.22115394473075867
0.27162307500839233
0.2576417624950409
0.29785963892936707
0.2745247185230255
0.25892606377601624
0.2942395508289337
0.294975608587265
0.22599656879901886
0.301681786775589
0.21102505922317505
0.2460920512676239
0.2779178321361542
0.27002376317977905
2.349663734436035

