0.0040720729157328606
0.0381602868437767
0.027941616252064705
0.0011476174695417285
5.430020246421918e-05
0.005513815674930811
0.009305806830525398
0.0004522028611972928
0.03707791119813919
0.017800798639655113
0.0038942520041018724
0.0014897745568305254
0.0012532140826806426
0.00033215395524166524
0.004364144057035446
0.02702019177377224
0.0038773464038968086
0.005006962455809116
0.0002497858658898622
0.00613960437476635
0.007287624292075634
0.053454700857400894
0.00037545114173553884
0.00045775502803735435
0.0009485880145803094
0.0003190450370311737
0.030699817463755608
0.004961810074746609
0.013229605741798878
0.0006076412973925471
0.0030886742752045393
0.025046303868293762
0.005932604894042015
0.011356808245182037
0.000642957806121558
0.011552771553397179
0.0007407222292385995
0.0004328982613515109
0.016326148062944412
0.0199599526822567
0.026182696223258972
0.00010825162462424487
0.002484828233718872
0.07302834093570709
0.0008167758351191878
0.0025184843689203262
0.000556606100872159
0.0006217089830897748
0.001177282421849668
0.020552242174744606
0.006091207265853882
0.0023522244300693274
0.008228017948567867
0.024381695315241814
0.003616044297814369
0.015747057273983955
0.0025666470173746347
0.0012476301053538918
0.025296827778220177
0.00029592192731797695
0.00156499445438385
0.003506331704556942
0.0025392789393663406
0.003731446573510766
0.0005489754839800298
0.006936928723007441
0.0019147740676999092
0.004439609125256538
0.011116048321127892
0.0072840554639697075
0.002666400745511055
0.0002753269800450653
0.033454205840826035
0.01913168840110302
0.0010588295990601182
0.001665793126448989
0.0008613385143689811
0.0005288780084811151
0.0034960941411554813
0.004989160690456629
0.006103910971432924
0.0004368442459963262
0.001992459176108241
0.00412651477381587
0.027741314843297005
0.0036970695946365595
0.001501378370448947
0.0003695438790600747
0.012882281094789505
0.0005091122584417462
0.0015538521111011505
0.004134905058890581
0.001304113888181746
0.013663631863892078
0.011262830346822739
0.011491771787405014
0.0017544247675687075
0.009009539149701595
0.013400554656982422
0.0022495307493954897
0.0005863697733730078
0.0031374632380902767
0.038492828607559204
0.027199001982808113
0.004245145712047815
0.017787378281354904
0.0023170935455709696
0.0009207450202666223
0.0009931138483807445
0.0021930919028818607
0.003875521942973137
0.0011836212361231446
0.013616758398711681
0.0010117858182638884
0.0035564450081437826
0.042190853506326675
0.034328900277614594
0.004810368176549673
0.04944991320371628
0.0006236383342184126
0.006899044383317232
0.0039194501005113125
0.004234110005199909
0.015034684911370277
0.0005421863752417266
0.011649983935058117
0.009273755364120007
0.02297990769147873
0.058112580329179764
0.01063217967748642
0.030925624072551727
0.003162814537063241
0.0016540320357307792
0.016835466027259827
0.0036751343868672848
0.00026267621433362365
0.00042877503437921405
0.04207982122898102
0.007500621490180492
0.016521112993359566
0.0030270663555711508
0.004900405649095774
0.0014633646933361888
0.0017790943384170532
0.012116036377847195
0.0063684843480587006
0.007511218078434467
0.02185942605137825
0.004673320800065994
0.004711105953902006
0.011662463657557964
0.007288645021617413
0.001407204195857048
0.004093138035386801
0.01437340211123228
0.00022637448273599148
0.001754299271851778
0.026521779596805573
0.002102589700371027
0.033835262060165405
0.007056672126054764
0.014484156854450703
0.0018139055464416742
0.01403329148888588
0.002080191858112812
0.0014011721359565854
0.009454014711081982
0.00898666586726904
0.006907586008310318
0.005650567356497049
0.003398967906832695
0.0007452046847902238
0.004409232176840305
0.0073370616883039474
0.0341789573431015
0.005921156611293554
0.002783738076686859
0.0016157423378899693
0.005363429430872202
0.0008493705536238849
0.002685081446543336
0.007871096953749657
0.006300038192421198
0.0038849753327667713
0.0012191040441393852
0.0012704957043752074
0.0069652134552598
0.001978690503165126
0.003183212364092469
0.004836037755012512
0.0030444369185715914
0.0023925036657601595
0.0022724152076989412
0.033761847764253616
0.0037060787435621023
0.0001963846298167482
0.001546393963508308
0.0036215244326740503
0.007398928515613079
0.004036464728415012
0.005648037884384394
0.0006968193338252604
0.002265118295326829
0.03298522159457207
0.004331792704761028
0.014670226722955704
0.00238271476700902
0.011998222209513187
0.003755505895242095
0.014296283945441246
0.002433154731988907
0.000491140759550035
0.0013235859805718064
0.004258836153894663
0.0013889812398701906
0.002637056866660714
0.018305454403162003
0.0022595312912017107
0.0024517024867236614
0.007968067191541195
0.0021155814174562693
0.053274005651474
0.001816837233491242
0.021829307079315186
0.018960770219564438
0.007519194390624762
0.0008786489488556981
0.012617391534149647
0.009482190012931824
0.04028310626745224
0.01251749787479639
0.034741390496492386
0.0027173319831490517
0.000624388107098639
0.0026951676700264215
0.04034534469246864
0.0023490027524530888
0.0007663858705200255
0.029791316017508507
0.0010182912228628993
0.003292158944532275
0.08230486512184143
0.014819781295955181
0.009656649082899094
0.0007740986766293645
0.006533877924084663
0.0019560158252716064
0.0008014549384824932
0.01171024888753891
0.0023949036840349436
0.0058784158900380135
0.018843524158000946
0.0007386153447441757
0.011052322573959827
0.0005008436855860054
0.017919858917593956
0.0009919811272993684
0.0008726416272111237
0.0002336482284590602
0.0019616810604929924
0.00027854403015226126
0.002598855644464493
0.007200388237833977
0.004903875757008791
0.04172959551215172
0.020099468529224396
0.019674859941005707
0.026554018259048462
0.008423863910138607
0.0017663222970440984
0.029532553628087044
0.0023748325183987617
0.004095078911632299
0.0296663548797369
0.03184458613395691
0.001930899452418089
0.01384717971086502
0.0017591019859537482
0.0008565235766582191
0.0004282615554984659
0.005086990538984537
0.0010545728728175163
0.0014867399586364627
0.0008913279161788523
0.009387930855154991
0.010699965991079807
0.004456453025341034
0.0114037049934268
0.00209891889244318
0.0044492026790976524
0.013959085568785667
0.020716041326522827
0.0029780766926705837
0.008396697230637074
0.007566544227302074
0.001272326335310936
0.0010224842699244618
0.00092424446484074
0.012717383913695812
0.0007802033214829862
0.002028034068644047
0.011642367579042912
0.003760209074243903
0.00916349794715643
0.0023396622855216265
0.0018018478294834495
0.0036824734415858984
0.014944271184504032
0.0053474088199436665
0.0005703438655473292
0.017849892377853394
0.001411009463481605
0.004601290915161371
0.00023603759473189712
0.0007657710229977965
0.0025667566806077957
0.00926841888576746
0.010732521302998066
0.00039797299541532993
0.0039774286560714245
0.0011454116320237517
0.002158683491870761
0.0028927570674568415
0.003198984544724226
0.02580217644572258
0.0010303723393008113
0.003462308319285512
0.0029658041894435883
0.000179709677468054
0.00218146457336843
0.011503905057907104
0.00047395972069352865
0.0016215788200497627
0.0009651732398197055
0.000540299282874912
0.007061770185828209
0.005332642700523138
0.0009466492338106036
0.0010517764603719115
0.0011051864130422473
0.000875845376867801
0.0037583010271191597
0.02446758933365345
0.014661532826721668
0.00769819924607873
0.02010994590818882
0.002379958750680089
0.0008442444959655404
0.005709243007004261
0.0008511148625984788
0.0038954822812229395
0.022252045571804047
0.0011115517700091004
0.022394459694623947
0.006567089352756739
0.02450662851333618
0.000478696747450158
0.030455075204372406
0.0007569985464215279
0.012546589598059654
0.00034535385202616453
0.0015799056272953749
0.0012366704177111387
0.018030673265457153
0.0025687385350465775
0.0015061998274177313
0.007414842024445534
0.030836764723062515
0.016183970496058464
0.0002086264721583575
0.016207898035645485
0.0016919341869652271
0.004409750457853079
0.003143863519653678
0.0012203045189380646
0.0006975873257033527
0.006504681892693043
0.011038278229534626
0.0027053896337747574
0.0028557388577610254
0.017854757606983185
0.02603278122842312
0.003945533186197281
0.03251470625400543
0.003377116983756423
0.005629615392535925
0.0024481755681335926
0.003218629164621234
0.013518279418349266
0.003278023563325405
0.004331441596150398
0.004115883726626635
0.049912698566913605
0.015608400106430054
0.009368080645799637
0.008161570876836777
0.004961752332746983
0.0003973149578087032
0.054240401834249496
0.0012022051960229874
0.002103937789797783
0.002568947384133935
0.011259328573942184
0.001975401770323515
0.0017524482682347298
0.01589219458401203
0.028333131223917007
0.016647659242153168
0.0010479860939085484
0.006846626754850149
0.005117906257510185
0.0005686280783265829
0.007753357291221619
0.0006859353743493557
0.0009344277787022293
0.010057663545012474
0.0048518977127969265
0.0019946207758039236
0.010863853618502617
0.009504326619207859
0.01085177343338728
0.03529652953147888
0.016140203922986984
0.004208479542285204
0.0007031286950223148
0.006583805195987225
0.0038380720652639866
0.005528596229851246
0.0008712755516171455
0.006399910431355238
0.00751098059117794
0.01812751404941082
0.02965165302157402
0.027913926169276237
0.00635803397744894
0.025075113400816917
0.016104167327284813
0.01650470495223999
0.0006377217941917479
0.000663227227050811
0.0024086988996714354
0.004343037959188223
0.005860158707946539
0.03340001776814461
0.025793645530939102
0.01754748262465
0.0004185839497949928
0.002327936002984643
0.013772700913250446
0.022244784981012344
0.017823033034801483
0.003916099201887846
0.024486925452947617
0.013279310427606106
0.004163578152656555
0.003976046107709408
0.012952277436852455
0.004684964660555124
0.03071489930152893
0.014999628067016602
0.0018788451561704278
0.0027766600251197815
0.0002820381778292358
0.007291262969374657
0.007883287034928799
0.0032297128345817327
0.002670177724212408
0.0008075168007053435
0.00751967029646039
0.0003273655893281102
0.030607150867581367
0.07579658180475235
0.009073173627257347
0.007985147647559643
0.0006897596758790314
0.018341615796089172
0.014249882660806179
0.19320684671401978
0.02821468375623226
0.013992802239954472
0.0045099277049303055
0.00648846011608839
0.006243164651095867
0.013748187571763992
0.0027761487290263176
0.009249428287148476
0.0007471992867067456
0.0031693640630692244
0.05431506782770157
0.006039945408701897
0.010902222245931625
0.013069628737866879
0.01050388440489769
0.021576112136244774
0.01912667788565159
0.041101668030023575
0.046614885330200195
0.04497354477643967
0.005024618469178677
0.004115134011954069
0.01620037481188774
0.01640154793858528
0.029758399352431297
0.0037399965804070234
0.010186020284891129
0.008384407497942448
0.028398659080266953
0.00272765988484025
0.0041782972402870655
0.013165355660021305
0.005607448518276215
0.020482217893004417
0.0008677901932969689
0.0074200197122991085
0.0035731603857129812
0.013783198781311512
0.0228108000010252
0.014299098402261734
0.01596638560295105
0.03552902117371559
0.003141858847811818
0.049664054065942764
0.0012951241806149483
0.0028739396948367357
0.009931442327797413
0.005004992708563805
0.0021707648411393166
0.0037782015278935432
0.012132504023611546
0.05179065093398094
0.0024633207358419895
0.005332078784704208
0.051577378064394
0.0019432835979387164
0.01685318537056446
0.011748358607292175
0.007085723802447319
0.02006414718925953
0.004637178033590317
0.011637137271463871
0.005093497224152088
0.0012236967450007796
0.010264407843351364
0.0028073000721633434
0.017318900674581528
0.01971491426229477
0.004121723584830761
0.004638103302568197
0.012636175379157066
0.0008382927626371384
0.0002969181223306805
0.002775870729237795
0.005237406585365534
0.0025447525549679995
0.05500734597444534
0.002258920343592763
0.015422140248119831
0.014717464335262775
0.014987058006227016
0.002220987807959318
0.004034722223877907
0.004532048013061285
0.0014651833334937692
0.03218816965818405
0.0144026605412364
0.005425260402262211
0.0029688950162380934
0.0011092745698988438
0.00043233067844994366
0.0007748903008177876
0.0009067578939720988
0.003021358046680689
0.016899921000003815
0.00404434185475111
0.03212445229291916
0.00538314925506711
0.01703500747680664
0.0010695591336116195
0.020231401547789574
0.010300838388502598
0.009771294891834259
0.023361697793006897
0.030644414946436882
0.035005755722522736
0.006060959305614233
0.014993783086538315
0.009569221176207066
0.014437650330364704
0.00043142263893969357
0.0016225065337494016
0.0017594308592379093
0.0010884865187108517
0.005331084597855806
0.03484956920146942
0.013862133957445621
0.0010403756750747561
0.005688828881829977
0.009182904846966267
0.012681360356509686
0.022084977477788925
0.04185759276151657
0.004832759499549866
0.033261872828006744
0.001997610554099083
0.0032456116750836372
0.025013329461216927
0.007522005587816238
0.007985644973814487
0.0036354255862534046
0.0016906444216147065
0.001904090167954564
0.002617819467559457
0.001245051040314138
0.013154612854123116
0.007577836047858
0.0010135490447282791
0.00979425385594368
0.010133646428585052
0.0276509877294302
0.0648108497262001
0.010703125037252903
0.0028061813209205866
0.0008143024169839919
0.021707840263843536
0.008405855856835842
0.0005764254601672292
0.0009853944648057222
0.01835845410823822
0.025123607367277145
0.0187518410384655
0.0031707272864878178
0.0012257529888302088
0.007832570932805538
0.0007437325548380613
0.0005715760635212064
0.022505395114421844
0.002629816997796297
0.05050433799624443
0.042804520577192307
0.011746887117624283
0.0008774815942160785
0.0014041849644854665
0.004140980076044798
0.007401647977530956
0.047735895961523056
0.02164689265191555
0.04203313589096069
0.001838406198658049
0.002267339499667287
0.0017496945802122355
0.001178573351353407
0.006391910370439291
0.003063908079639077
0.001820203149691224
0.021831871941685677
0.00078125752042979
0.01697947457432747
0.052909694612026215
0.014350461773574352
0.01240692287683487
0.0008108072797767818
0.0037569955457001925
0.016189418733119965
0.0032886036206036806
0.002097000367939472
0.002406343352049589
0.0034891944378614426
0.0203726664185524
0.002769505837932229
0.01353972963988781
0.0220742616802454
0.006870735436677933
0.0056421104818582535
0.002409404143691063
0.061819981783628464
0.004019300453364849
0.0018903538584709167
0.002511732978746295
0.004117025062441826
0.022920455783605576
0.0024463245645165443
0.008821805939078331
0.012873188592493534
0.03682579845190048
0.012517903000116348
0.001432047225534916
0.0026681646704673767
0.002025100402534008
0.00043325748993083835
0.02272925153374672
0.003427667310461402
0.0042340876534581184
0.032320503145456314
0.031100641936063766
0.0014096067752689123
0.0009719697409309447
0.00838463380932808
0.005066276527941227
0.00026047651772387326
0.01784176379442215
0.012464278377592564
0.005534449592232704
0.0076657976023852825
0.4017130434513092

