0.4977183629208329
0.39376219391653483
0.3555057092400437
0.3724600089163604
0.4381860157432543
0.21565911430992524
0.16281383856072684
0.13804959899491884
0.10981763635010627
0.09776065812911838
0.07719877865416823
0.053213555558283006
0.04770684657705715
0.04275837421598474
0.037150567576397654
0.037222341446150414
0.02438193205216521
0.027697094480985965
0.014628924649334801
0.019965089958821573
0.014374262032891817
0.013564016465269642
0.010793839556485678
0.014630523125457661
0.012614980960982146
0.014641169676560201
0.01261722256322173
0.012950578989478923
0.009563590949090378
0.0119114157831048
0.006684585418435579
0.005246128793076691
0.00668728809772419
0.0093168565709644
0.009732445429126425
0.0041716415604430394
0.003732862766750858
0.005242227044156131
0.003985508083382363
0.004761019081526738
0.0037622944396886737
0.0019556010967891006
0.0015342706185460418
0.0034365596322636156
0.005954931317316695
0.006443911415164972
0.0028228068141509448
0.0037235830559842627
0.0038282259045026024
0.004011772477827045
0.006008361661576539
0.011156289943836743
0.0029705061876357645
0.0014766387971410146
0.0013743900228867614
0.0052433264229892725
0.002337157442834258
0.0020058937504976045
0.006912057126012495
0.004068270886419095
0.003321684877245389
0.004587691047190479
0.003783983977117958
0.004797395853489403
0.003758509260937873
0.00545690598663578
0.004074902867377197
0.00365577069196409
0.0040394287196395115
0.0018296839709468896
0.0011993465882262507
0.004433249687772206
0.0021240033290865767
0.005703231827808075
0.0017282545909906653
0.0004948708118421953
0.000784971676844326
0.002002177851909219
0.0026330237772343294
0.0032614615204218985
0.003422743103591222
0.0025893284290551973
0.005152260196986124
0.0016507383564922198
0.0018991607162317918
0.002163350263456255
0.001963900532639547
0.002993007005519259
0.00308028511860605
0.004785955777236627
0.0014241749606073869
0.0011524267211776877
0.001881060709211538
0.0016435239493474444
0.0037618222627595218
0.004044648941550897
0.0015790244873905366
0.0013083328070073125
0.0007311674123244092
0.003857998646158151
