465.581312417984
472.9371747970581
466.8513734340668
470.8249785900116
464.02208948135376
469.3655514717102
471.80221581459045
471.2934322357178
469.23210644721985
469.8565020561218
466.93255496025085
467.69384241104126
465.9559078216553
455.59209990501404
457.61654257774353
460.9910981655121
462.44490337371826
454.40168857574463
459.54435205459595
460.4751982688904
462.00416588783264
460.97152948379517
450.2873320579529
452.7574231624603
459.31354689598083
459.58088397979736
456.4953486919403
460.142861366272
461.2657368183136
463.5626838207245
457.1827042102814
441.4204502105713
441.72039246559143
444.8724558353424
444.2730498313904
447.78414702415466
438.97252798080444
444.92399191856384
442.0032639503479
446.87942266464233
446.0334084033966
441.04583740234375
442.09933519363403
444.0570731163025
446.0391409397125
444.47063660621643
444.70934009552
436.6791727542877
438.35903000831604
438.4588694572449
440.5148229598999
442.05994057655334
445.25893330574036
447.1668212413788
443.8799250125885
444.92210721969604
443.391437292099
437.6815679073334
433.0375108718872
436.3520748615265
439.6705524921417
446.3420386314392
439.23349356651306
444.20284938812256
449.8446593284607
441.95890522003174
435.18359112739563
442.571218252182
441.8360152244568
442.97831559181213
446.6067864894867
445.93748140335083
441.52874994277954
439.01726841926575
437.15014839172363
438.80288100242615
445.06965804100037
446.8869512081146
441.7511930465698
447.47397565841675
445.6505844593048
448.7460558414459
436.0363612174988
433.2311542034149
442.3204610347748
450.3788728713989
447.56822991371155
445.5944027900696
449.00057339668274
450.3881776332855
452.82325315475464
451.7358543872833
451.49337673187256
448.42058396339417
442.44435358047485
444.29203248023987
452.4130525588989
455.2502121925354
456.2607641220093
458.2939398288727
